[gd_scene load_steps=42 format=3 uid="uid://c66dar30xo83l"]

[ext_resource type="Script" path="res://scenes/world/World.gd" id="1_xxt06"]
[ext_resource type="Script" path="res://addons/zylann.hterrain/hterrain.gd" id="2_j3jfb"]
[ext_resource type="PackedScene" uid="uid://b6xb3m0mq55td" path="res://objects/ENVIRONMENT/ENV.tscn" id="3_7t5e4"]
[ext_resource type="Resource" path="res://scenes/world/terrain_data/data.hterrain" id="3_ajii5"]
[ext_resource type="Script" path="res://addons/zylann.hterrain/hterrain_texture_set.gd" id="4_rbhmn"]
[ext_resource type="PackedScene" uid="uid://cc1m2a1obsyn4" path="res://objects/player/player.tscn" id="5_6o1kf"]
[ext_resource type="PackedScene" uid="uid://cjsj70ofmvnx2" path="res://objects/PROPS/environment/roads/road.tscn" id="6_j5vhd"]
[ext_resource type="PackedScene" uid="uid://dkfbfrrjn8o18" path="res://objects/builds/fourStoryBuldsVariations/four_story_building_main.tscn" id="7_t74fg"]
[ext_resource type="PackedScene" uid="uid://cm8vci4pysgq1" path="res://objects/builds/house_2.tscn" id="8_7t2yj"]
[ext_resource type="PackedScene" uid="uid://csm60gr7f2vti" path="res://objects/builds/house_1.tscn" id="10_qyej0"]
[ext_resource type="PackedScene" uid="uid://cmorp412pryek" path="res://objects/builds/house_3.tscn" id="11_4a5py"]
[ext_resource type="PackedScene" uid="uid://dp80ffcw30b84" path="res://objects/builds/rural_house/rural_house.tscn" id="11_cxx1a"]
[ext_resource type="PackedScene" uid="uid://btwke8875ebcq" path="res://objects/builds/two_story_building.tscn" id="12_2pvwt"]
[ext_resource type="Shader" path="res://shaders/lake_water.gdshader" id="12_jiaus"]
[ext_resource type="PackedScene" uid="uid://mmnbj1v5yjkb" path="res://objects/builds/school.tscn" id="14_6dguf"]
[ext_resource type="PackedScene" uid="uid://cj1ydvi2t3bot" path="res://objects/builds/post_office_bulild.tscn" id="15_hcqwq"]
[ext_resource type="PackedScene" uid="uid://c6776lt6vo53g" path="res://objects/builds/hospital/hospital.tscn" id="16_st33v"]
[ext_resource type="Script" path="res://addons/proton_scatter/src/scatter.gd" id="17_0tutk"]
[ext_resource type="Script" path="res://addons/proton_scatter/src/stack/modifier_stack.gd" id="18_1fwha"]
[ext_resource type="Script" path="res://addons/proton_scatter/src/modifiers/create_inside_random.gd" id="19_6qlp7"]
[ext_resource type="Script" path="res://addons/proton_scatter/src/modifiers/randomize_transforms.gd" id="20_xv4po"]
[ext_resource type="Script" path="res://addons/proton_scatter/src/modifiers/relax.gd" id="21_ai286"]
[ext_resource type="Script" path="res://addons/proton_scatter/src/modifiers/project_on_geometry.gd" id="22_k8kdo"]
[ext_resource type="Script" path="res://addons/proton_scatter/src/scatter_item.gd" id="23_kpixf"]
[ext_resource type="Script" path="res://addons/proton_scatter/src/scatter_shape.gd" id="24_g5fqv"]
[ext_resource type="Script" path="res://addons/proton_scatter/src/shapes/path_shape.gd" id="25_4ndlv"]
[ext_resource type="AudioStream" uid="uid://b1dvxv0j0lqfh" path="res://assets/sounds/forest_sound_nature.mp3" id="26_hqxx8"]

[sub_resource type="Resource" id="Resource_hxkjo"]
script = ExtResource("4_rbhmn")
mode = 0
textures = [[], []]

[sub_resource type="FastNoiseLite" id="FastNoiseLite_1gdrn"]
noise_type = 3

[sub_resource type="NoiseTexture2D" id="NoiseTexture2D_hemwg"]
width = 256
height = 256
seamless = true
as_normal_map = true
noise = SubResource("FastNoiseLite_1gdrn")

[sub_resource type="FastNoiseLite" id="FastNoiseLite_kt21m"]
frequency = 0.0002

[sub_resource type="NoiseTexture2D" id="NoiseTexture2D_nv46i"]
seamless = true
noise = SubResource("FastNoiseLite_kt21m")

[sub_resource type="ShaderMaterial" id="ShaderMaterial_divvh"]
render_priority = 0
shader = ExtResource("12_jiaus")
shader_parameter/albedo = Color(0.439216, 0.615686, 1, 1)
shader_parameter/albedo2 = Color(0.631373, 0.556863, 0.803922, 1)
shader_parameter/metallic = 0.0
shader_parameter/roughness = 0.071
shader_parameter/wave_direction = Vector2(2, 0)
shader_parameter/wave_direction2 = Vector2(0, 1)
shader_parameter/time_scale = 0.025
shader_parameter/noise_scale = 10.0
shader_parameter/height_scale = 0.15
shader_parameter/color_deep = Color(0, 0, 0, 1)
shader_parameter/color_shallow = null
shader_parameter/beers_law = 2.0
shader_parameter/depth_offset = -0.75
shader_parameter/edge_scale = 0.1
shader_parameter/near = 1.0
shader_parameter/far = 100.0
shader_parameter/edge_color = Color(0.811765, 0.811765, 0.811765, 1)
shader_parameter/wave = SubResource("NoiseTexture2D_nv46i")
shader_parameter/texture_normal = SubResource("NoiseTexture2D_hemwg")

[sub_resource type="PlaneMesh" id="PlaneMesh_gc26u"]
material = SubResource("ShaderMaterial_divvh")
size = Vector2(2000, 450)

[sub_resource type="Resource" id="Resource_tafsj"]
script = ExtResource("19_6qlp7")
amount = 1000
enabled = true
override_global_seed = false
custom_seed = 0
restrict_height = true
reference_frame = 1

[sub_resource type="Resource" id="Resource_jq6il"]
script = ExtResource("20_xv4po")
position = Vector3(0.15, 0.15, 0.15)
rotation = Vector3(0, 360, 0)
scale = Vector3(0.1, 0.5, 0.1)
enabled = true
override_global_seed = false
custom_seed = 0
restrict_height = false
reference_frame = 2

[sub_resource type="Resource" id="Resource_03hjl"]
script = ExtResource("21_ai286")
iterations = 3
offset_step = 0.2
consecutive_step_multiplier = 0.75
use_computeshader = true
enabled = true
override_global_seed = false
custom_seed = 0
restrict_height = true
reference_frame = 0

[sub_resource type="Resource" id="Resource_8iyab"]
script = ExtResource("22_k8kdo")
ray_direction = Vector3(0, -1, 0)
ray_length = 5.0
ray_offset = 5.0
remove_points_on_miss = false
align_with_collision_normal = false
max_slope = 90.0
collision_mask = 1
exclude_mask = 0
enabled = true
override_global_seed = false
custom_seed = 0
restrict_height = false
reference_frame = 0

[sub_resource type="Resource" id="Resource_kud65"]
script = ExtResource("18_1fwha")
stack = Array[Resource("res://addons/proton_scatter/src/modifiers/base_modifier.gd")]([SubResource("Resource_tafsj"), SubResource("Resource_jq6il"), SubResource("Resource_03hjl"), SubResource("Resource_8iyab")])

[sub_resource type="Curve3D" id="Curve3D_dvrdm"]
_data = {
"points": PackedVector3Array(0, 0, 0, 0, 0, 0, 8.2619, 0, 23.7001, 0, 0, 0, 0, 0, 0, -0.983429, 0, 1029.14, 0, 0, 0, 0, 0, 0, 179.302, 0, 761.02, 0, 0, 0, 0, 0, 0, 267.133, 0, 520.64, 0, 0, 0, 0, 0, 0, 368.832, 0, 335.732, 0, 0, 0, 0, 0, 0, 528.315, 0, 217.853, 0, 0, 0, 0, 0, 0, 814.923, 0, 143.89, 0, 0, 0, 0, 0, 0, 1187.05, 0, 148.513, 0, 0, 0, 0, 0, 0, 1506.02, 0, 287.194, 0, 0, 0, 0, 0, 0, 1720.97, 0, 541.442, 0, 0, 0, 0, 0, 0, 1778.76, 0, 830.361, 0, 0, 0, 0, 0, 0, 2000.64, 0, 978.287, 0, 0, 0, 0, 0, 0, 2037.63, 0, 950.551, 0, 0, 0, 0, 0, 0, 2028.38, 0, 19.0773),
"tilts": PackedFloat32Array(0, 0, 0, 0, 0, 0, 0, 0, 0, 0, 0, 0, 0, 0)
}
point_count = 14

[sub_resource type="Resource" id="Resource_bx7eo"]
script = ExtResource("25_4ndlv")
closed = true
thickness = 0.0
curve = SubResource("Curve3D_dvrdm")

[node name="World" type="Node"]
script = ExtResource("1_xxt06")

[node name="SERVERS" type="Node" parent="."]

[node name="timer_daycycle" type="Timer" parent="SERVERS"]
autostart = true

[node name="WorldEnv" type="Node" parent="."]

[node name="ENV" parent="WorldEnv" instance=ExtResource("3_7t5e4")]

[node name="Levels" type="Node" parent="."]

[node name="terrain" type="Node" parent="Levels"]

[node name="HTerrain" type="Node3D" parent="Levels/terrain"]
script = ExtResource("2_j3jfb")
ambient_wind = 1.0
_terrain_data = ExtResource("3_ajii5")
chunk_size = 64
collision_enabled = true
collision_layer = 1
collision_mask = 1
shader_type = "LowPoly"
custom_shader = null
custom_globalmap_shader = null
texture_set = SubResource("Resource_hxkjo")
render_layers = 1
cast_shadow = 1

[node name="road" type="Node" parent="Levels"]

[node name="road" parent="Levels/road" instance=ExtResource("6_j5vhd")]
transform = Transform3D(1, 0, 0, 0, 1, 0, 0, 0, 1, 964.54, 0, 1047.9)

[node name="streets" type="Node" parent="Levels"]

[node name="1" parent="Levels/streets" instance=ExtResource("7_t74fg")]
transform = Transform3D(-0.953512, 0, 0.301355, 0, 1, 0, -0.301355, 0, -0.953512, 1026.37, 0, 819.729)

[node name="2" parent="Levels/streets" instance=ExtResource("7_t74fg")]
transform = Transform3D(-0.258819, 0, -0.965926, 0, 1, 0, 0.965926, 0, -0.258819, 980, 0, 863)

[node name="3" parent="Levels/streets" instance=ExtResource("7_t74fg")]
transform = Transform3D(-0.258819, 0, -0.965926, 0, 1, 0, 0.965926, 0, -0.258819, 1000, 0, 926)

[node name="4" parent="Levels/streets" instance=ExtResource("8_7t2yj")]
transform = Transform3D(-2.98023e-08, 0, 1, 0, 1, 0, -1, 0, -2.98023e-08, 1640, 0, 1260.11)

[node name="5" parent="Levels/streets" instance=ExtResource("10_qyej0")]
transform = Transform3D(0.965926, 0, -0.258819, 0, 1, 0, 0.258819, 0, 0.965926, 1604.09, 0, 1220.49)

[node name="6" parent="Levels/streets" instance=ExtResource("11_cxx1a")]
transform = Transform3D(0.258819, 0, -0.965926, 0, 1, 0, 0.965926, 0, 0.258819, 1574.39, 0, 1224.76)

[node name="7" parent="Levels/streets" instance=ExtResource("10_qyej0")]
transform = Transform3D(-0.258819, 0, 0.965926, 0, 1, 0, -0.965926, 0, -0.258819, 1567, 0, 1295)

[node name="8" parent="Levels/streets" instance=ExtResource("10_qyej0")]
transform = Transform3D(0.0204558, -0.00284723, -0.999787, 0.0194859, 0.999807, -0.00244863, 0.999601, -0.0194317, 0.0205074, 1524.97, 0, 1341)

[node name="9" parent="Levels/streets" instance=ExtResource("8_7t2yj")]
transform = Transform3D(2.98023e-08, 0, -1, 0, 1, 0, 1, 0, 2.98023e-08, 1576.81, 0, 1337.43)

[node name="10" parent="Levels/streets" instance=ExtResource("11_cxx1a")]
transform = Transform3D(0.965926, 0, 0.258819, 0, 1, 0, -0.258819, 0, 0.965926, 1556, 0, 1252)

[node name="11" parent="Levels/streets" instance=ExtResource("11_cxx1a")]
transform = Transform3D(-1, 0, 1.3411e-07, 0, 1, 0, -1.3411e-07, 0, -1, 1521, 0, 1299)

[node name="12" parent="Levels/streets" instance=ExtResource("10_qyej0")]
transform = Transform3D(-2.98023e-08, 0, 1, 0, 1, 0, -1, 0, -2.98023e-08, 1697, 0, 1263)

[node name="13" parent="Levels/streets" instance=ExtResource("11_cxx1a")]
transform = Transform3D(0.965926, 0, -0.258819, 0, 1, 0, 0.258819, 0, 0.965926, 1693.39, 0, 1311.76)

[node name="14" parent="Levels/streets" instance=ExtResource("8_7t2yj")]
transform = Transform3D(-0.258819, 0, -0.965926, 0, 1, 0, 0.965926, 0, -0.258819, 1690, 0, 1365.11)

[node name="15" parent="Levels/streets" instance=ExtResource("10_qyej0")]
transform = Transform3D(1.17225e-07, 0, -1, 0, 1, 0, 1, 0, 1.17225e-07, 1626, 0, 1368)

[node name="16" parent="Levels/streets" instance=ExtResource("11_cxx1a")]
transform = Transform3D(-1, 0, -5.96046e-08, 0, 1, 0, 5.96046e-08, 0, -1, 1628.39, 0, 1311.76)

[node name="17" parent="Levels/streets" instance=ExtResource("11_4a5py")]
transform = Transform3D(0.173648, 0, 0.984808, 0, 1, 0, -0.984808, 0, 0.173648, 1722, 0, 1154)

[node name="18" parent="Levels/streets" instance=ExtResource("11_4a5py")]
transform = Transform3D(0.0871558, 0, 0.996195, 0, 1, 0, -0.996195, 0, 0.0871558, 1221, 0, 962)

[node name="19" parent="Levels/streets" instance=ExtResource("11_4a5py")]
transform = Transform3D(0.173648, 0, 0.984808, 0, 1, 0, -0.984808, 0, 0.173648, 1247.4, 0, 671)

[node name="20" parent="Levels/streets" instance=ExtResource("11_4a5py")]
transform = Transform3D(1.04308e-07, 0, -1, 0, 1, 0, 1, 0, 1.04308e-07, 605.4, 0, 788)

[node name="21" parent="Levels/streets" instance=ExtResource("11_4a5py")]
transform = Transform3D(-0.0871556, 0, -0.996195, 0, 1, 0, 0.996195, 0, -0.0871556, 762.9, 0, 788)

[node name="22" parent="Levels/streets" instance=ExtResource("11_4a5py")]
transform = Transform3D(-0.258819, 0, -0.965926, 0, 1, 0, 0.965926, 0, -0.258819, 832, 0, 939.2)

[node name="23" parent="Levels/streets" instance=ExtResource("11_4a5py")]
transform = Transform3D(-0.819152, 0, -0.573577, 0, 1, 0, 0.573577, 0, -0.819152, 297, 0, 1534.2)

[node name="24" parent="Levels/streets" instance=ExtResource("11_4a5py")]
transform = Transform3D(0.422618, 0, 0.906308, 0, 1, 0, -0.906308, 0, 0.422618, 567, 0, 1112.2)

[node name="25" parent="Levels/streets" instance=ExtResource("11_4a5py")]
transform = Transform3D(0.965926, 0, 0.258819, 0, 1, 0, -0.258819, 0, 0.965926, 1334, 0, 1616.2)

[node name="26" parent="Levels/streets" instance=ExtResource("11_4a5py")]
transform = Transform3D(0.984808, 0, 0.173648, 0, 1, 0, -0.173648, 0, 0.984808, 1053, 0, 1482.2)

[node name="27" parent="Levels/streets" instance=ExtResource("11_4a5py")]
transform = Transform3D(0.866026, 0, -0.5, 0, 1, 0, 0.5, 0, 0.866026, 1064, 0, 1215.7)

[node name="28" parent="Levels/streets" instance=ExtResource("11_4a5py")]
transform = Transform3D(-0.0871556, 0, -0.996195, 0, 1, 0, 0.996195, 0, -0.0871556, 1143, 0, 1045.7)

[node name="29" parent="Levels/streets" instance=ExtResource("11_4a5py")]
transform = Transform3D(0.939693, 0, -0.34202, 0, 1, 0, 0.34202, 0, 0.939693, 886.8, 0, 731.2)

[node name="30" parent="Levels/streets" instance=ExtResource("11_4a5py")]
transform = Transform3D(0.258819, 0, 0.965926, 0, 1, 0, -0.965926, 0, 0.258819, 1061.8, 0, 284.2)

[node name="31" parent="Levels/streets" instance=ExtResource("11_cxx1a")]
transform = Transform3D(0.996195, 0, -0.0871558, 0, 1, 0, 0.0871558, 0, 0.996195, 1346.39, 0, 1109.76)

[node name="32" parent="Levels/streets" instance=ExtResource("11_cxx1a")]
transform = Transform3D(0.996195, 0, -0.0871558, 0, 1, 0, 0.0871558, 0, 0.996195, 1338.49, 0, 1232.76)

[node name="33" parent="Levels/streets" instance=ExtResource("11_cxx1a")]
transform = Transform3D(-1, 0, 1.78814e-07, 0, 1, 0, -1.78814e-07, 0, -1, 1236.89, 0, 1232.76)

[node name="34" parent="Levels/streets" instance=ExtResource("11_cxx1a")]
transform = Transform3D(-0.965926, 0, 0.258819, 0, 1, 0, -0.258819, 0, -0.965926, 894.89, 0, 447.76)

[node name="35" parent="Levels/streets" instance=ExtResource("11_cxx1a")]
transform = Transform3D(0.965926, 0, -0.258819, 0, 1, 0, 0.258819, 0, 0.965926, 888.89, 0, 680.76)

[node name="36" parent="Levels/streets" instance=ExtResource("11_cxx1a")]
transform = Transform3D(0.965926, 0, -0.258819, 0, 1, 0, 0.258819, 0, 0.965926, 901.89, 0, 572.76)

[node name="37" parent="Levels/streets" instance=ExtResource("11_cxx1a")]
transform = Transform3D(-0.996195, 0, 0.0871559, 0, 1, 0, -0.0871559, 0, -0.996195, 790.89, 0, 572.76)

[node name="38" parent="Levels/streets" instance=ExtResource("11_cxx1a")]
transform = Transform3D(0.984808, 0, -0.173648, 0, 1, 0, 0.173648, 0, 0.984808, 845.69, 0, 470.26)

[node name="39" parent="Levels/streets" instance=ExtResource("11_cxx1a")]
transform = Transform3D(-0.996195, 0, 0.0871559, 0, 1, 0, -0.0871559, 0, -0.996195, 714.69, 0, 605.26)

[node name="40" parent="Levels/streets" instance=ExtResource("11_cxx1a")]
transform = Transform3D(-0.984808, 0, 0.173648, 0, 1, 0, -0.173648, 0, -0.984808, 730.69, 0, 509.26)

[node name="41" parent="Levels/streets" instance=ExtResource("11_cxx1a")]
transform = Transform3D(1, 0, -1.49012e-08, 0, 1, 0, 1.49012e-08, 0, 1, 732.59, 0, 952.26)

[node name="42" parent="Levels/streets" instance=ExtResource("11_cxx1a")]
transform = Transform3D(-1, 0, 1.02324e-07, 0, 1, 0, -1.02324e-07, 0, -1, 691.59, 0, 875.26)

[node name="43" parent="Levels/streets" instance=ExtResource("10_qyej0")]
transform = Transform3D(-5.96046e-08, 0, -1, 0, 1, 0, 1, 0, -5.96046e-08, 1346, 0, 1293)

[node name="44" parent="Levels/streets" instance=ExtResource("10_qyej0")]
transform = Transform3D(0.173648, 0, -0.984808, 0, 1, 0, 0.984808, 0, 0.173648, 1374.7, 0, 1482)

[node name="45" parent="Levels/streets" instance=ExtResource("10_qyej0")]
transform = Transform3D(0.965926, 0, 0.258819, 0, 1, 0, -0.258819, 0, 0.965926, 1390, 0, 1597)

[node name="46" parent="Levels/streets" instance=ExtResource("10_qyej0")]
transform = Transform3D(-0.965926, 0, -0.258819, 0, 1, 0, 0.258819, 0, -0.965926, 1310, 0, 1563)

[node name="47" parent="Levels/streets" instance=ExtResource("10_qyej0")]
transform = Transform3D(-0.965926, 0, -0.258819, 0, 1, 0, 0.258819, 0, -0.965926, 1538, 0, 1498)

[node name="48" parent="Levels/streets" instance=ExtResource("10_qyej0")]
transform = Transform3D(0.866025, 0, 0.5, 0, 1, 0, -0.5, 0, 0.866025, 1703, 0, 1523)

[node name="49" parent="Levels/streets" instance=ExtResource("10_qyej0")]
transform = Transform3D(0.866026, 0, -0.5, 0, 1, 0, 0.5, 0, 0.866026, 1102, 0, 1239)

[node name="50" parent="Levels/streets" instance=ExtResource("10_qyej0")]
transform = Transform3D(1.19209e-07, 0, -1, 0, 1, 0, 1, 0, 1.19209e-07, 1201.4, 0, 1287.4)

[node name="51" parent="Levels/streets" instance=ExtResource("10_qyej0")]
transform = Transform3D(-2.06632e-07, 0, 1, 0, 1, 0, -1, 0, -2.06632e-07, 1281.4, 0, 1234.4)

[node name="52" parent="Levels/streets" instance=ExtResource("12_2pvwt")]
transform = Transform3D(0.34202, 0, 0.939693, 0, 1, 0, -0.939693, 0, 0.34202, 491.9, 0, 1149)

[node name="53" parent="Levels/streets" instance=ExtResource("11_cxx1a")]
transform = Transform3D(-0.5, 0, -0.866025, 0, 1, 0, 0.866025, 0, -0.5, 1142.59, 0, 1260.26)

[node name="54" parent="Levels/streets" instance=ExtResource("10_qyej0")]
transform = Transform3D(-0.0871556, 0, -0.996195, 0, 1, 0, 0.996195, 0, -0.0871556, 719.9, 0, 565)

[node name="55" parent="Levels/streets" instance=ExtResource("10_qyej0")]
transform = Transform3D(0.0871555, 0, 0.996195, 0, 1, 0, -0.996195, 0, 0.0871555, 770.1, 0, 514)

[node name="56" parent="Levels/streets" instance=ExtResource("10_qyej0")]
transform = Transform3D(0.173648, 0, 0.984808, 0, 1, 0, -0.984808, 0, 0.173648, 827.1, 0, 635)

[node name="57" parent="Levels/streets" instance=ExtResource("10_qyej0")]
transform = Transform3D(-0.258819, 0, -0.965926, 0, 1, 0, 0.965926, 0, -0.258819, 882.1, 0, 494)

[node name="58" parent="Levels/streets" instance=ExtResource("8_7t2yj")]
transform = Transform3D(0.173648, 0, 0.984808, 0, 1, 0, -0.984808, 0, 0.173648, 781.306, 0, 624.128)

[node name="59" parent="Levels/streets" instance=ExtResource("8_7t2yj")]
transform = Transform3D(0.173648, 0, 0.984808, 0, 1, 0, -0.984808, 0, 0.173648, 799.306, 0, 469.128)

[node name="60" parent="Levels/streets" instance=ExtResource("8_7t2yj")]
transform = Transform3D(-0.173648, 0, -0.984808, 0, 1, 0, 0.984808, 0, -0.173648, 837.306, 0, 551.128)

[node name="61" parent="Levels/streets" instance=ExtResource("8_7t2yj")]
transform = Transform3D(-0.258819, 0, -0.965926, 0, 1, 0, 0.965926, 0, -0.258819, 1031.31, 0, 387.128)

[node name="62" parent="Levels/streets" instance=ExtResource("8_7t2yj")]
transform = Transform3D(0.173648, 0, 0.984808, 0, 1, 0, -0.984808, 0, 0.173648, 1186.71, 0, 664.628)

[node name="63" parent="Levels/streets" instance=ExtResource("8_7t2yj")]
transform = Transform3D(-0.173648, 0, -0.984808, 0, 1, 0, 0.984808, 0, -0.173648, 1236.31, 0, 766.628)

[node name="64" parent="Levels/streets" instance=ExtResource("8_7t2yj")]
transform = Transform3D(0.173648, 0, 0.984808, 0, 1, 0, -0.984808, 0, 0.173648, 1238.31, 0, 1160.63)

[node name="65" parent="Levels/streets" instance=ExtResource("8_7t2yj")]
transform = Transform3D(-0.996195, 0, -0.0871555, 0, 1, 0, 0.0871555, 0, -0.996195, 1216.71, 0, 1409.93)

[node name="66" parent="Levels/streets" instance=ExtResource("8_7t2yj")]
transform = Transform3D(-0.984808, 0, 0.173648, 0, 1, 0, -0.173648, 0, -0.984808, 513.706, 0, 1564.93)

[node name="67" parent="Levels/streets" instance=ExtResource("8_7t2yj")]
transform = Transform3D(-0.422619, 0, -0.906308, 0, 1, 0, 0.906308, 0, -0.422619, 523.106, 0, 1221.93)

[node name="68" parent="Levels/streets" instance=ExtResource("8_7t2yj")]
transform = Transform3D(0.766045, 0, 0.642787, 0, 1, 0, -0.642787, 0, 0.766045, 363.106, 0, 1484.93)

[node name="69" parent="Levels/streets" instance=ExtResource("11_cxx1a")]
transform = Transform3D(-0.984808, 0, 0.173648, 0, 1, 0, -0.173648, 0, -0.984808, 1135.89, 0, 1107.76)

[node name="70" parent="Levels/streets" instance=ExtResource("11_cxx1a")]
transform = Transform3D(0.34202, 0, 0.939693, 0, 1, 0, -0.939693, 0, 0.34202, 1015.89, 0, 1298.76)

[node name="71" parent="Levels/streets" instance=ExtResource("11_cxx1a")]
transform = Transform3D(-0.573577, 0, -0.819152, 0, 1, 0, 0.819152, 0, -0.573577, 1069.39, 0, 1394.06)

[node name="72" parent="Levels/streets" instance=ExtResource("11_cxx1a")]
transform = Transform3D(0.34202, 0, -0.939693, 0, 1, 0, 0.939693, 0, 0.34202, 1446.29, 0, 1588.26)

[node name="73" parent="Levels/streets" instance=ExtResource("11_cxx1a")]
transform = Transform3D(-0.258819, 0, 0.965926, 0, 1, 0, -0.965926, 0, -0.258819, 1372.29, 0, 1543.26)

[node name="74" parent="Levels/streets" instance=ExtResource("11_cxx1a")]
transform = Transform3D(0.258819, 0, -0.965926, 0, 1, 0, 0.965926, 0, 0.258819, 1554.29, 0, 1553.26)

[node name="75" parent="Levels/streets" instance=ExtResource("11_4a5py")]
transform = Transform3D(-0.965926, 0, -0.258819, 0, 1, 0, 0.258819, 0, -0.965926, 1659, 0, 1478.2)

[node name="76" parent="Levels/streets" instance=ExtResource("11_cxx1a")]
transform = Transform3D(0.984808, 0, 0.173648, 0, 1, 0, -0.173648, 0, 0.984808, 1449.29, 0, 1461.26)

[node name="77" parent="Levels/streets" instance=ExtResource("10_qyej0")]
transform = Transform3D(-0.173648, 0, 0.984808, 0, 1, 0, -0.984808, 0, -0.173648, 1440.7, 0, 1407)

[node name="78" parent="Levels/streets" instance=ExtResource("8_7t2yj")]
transform = Transform3D(0.707107, 0, -0.707107, 0, 1, 0, 0.707107, 0, 0.707107, 1421.41, 0, 1333.03)

[node name="79" parent="Levels/streets" instance=ExtResource("8_7t2yj")]
transform = Transform3D(2.98023e-08, 0, -1, 0, 1, 0, 1, 0, 2.98023e-08, 1251.31, 0, 1317.53)

[node name="80" parent="Levels/streets" instance=ExtResource("8_7t2yj")]
transform = Transform3D(0.819152, 0, -0.573576, 0, 1, 0, 0.573576, 0, 0.819152, 1020.81, 0, 1112.53)

[node name="81" parent="Levels/streets" instance=ExtResource("8_7t2yj")]
transform = Transform3D(-0.0871558, 0, -0.996195, 0, 1, 0, 0.996195, 0, -0.0871558, 805.006, 0, 890.028)

[node name="82" parent="Levels/streets" instance=ExtResource("8_7t2yj")]
transform = Transform3D(-0.965926, 0, 0.258819, 0, 1, 0, -0.258819, 0, -0.965926, 965.706, 0, 992.628)

[node name="83" parent="Levels/streets" instance=ExtResource("8_7t2yj")]
transform = Transform3D(-0.173648, 0, -0.984808, 0, 1, 0, 0.984808, 0, -0.173648, 1146.81, 0, 866.428)

[node name="84" parent="Levels/streets" instance=ExtResource("8_7t2yj")]
transform = Transform3D(-1.04308e-07, 0, -1, 0, 1, 0, 1, 0, -1.04308e-07, 1364.41, 0, 951.528)

[node name="85" parent="Levels/streets" instance=ExtResource("8_7t2yj")]
transform = Transform3D(-0.996195, 0, -0.0871557, 0, 1, 0, 0.0871557, 0, -0.996195, 385.306, 0, 912.028)

[node name="86" parent="Levels/streets" instance=ExtResource("11_4a5py")]
transform = Transform3D(-0.258819, 0, 0.965926, 0, 1, 0, -0.965926, 0, -0.258819, 568, 0, 988.5)

[node name="87" parent="Levels/streets" instance=ExtResource("11_cxx1a")]
transform = Transform3D(0.173648, 0, -0.984808, 0, 1, 0, 0.984808, 0, 0.173648, 435.59, 0, 905.96)

[node name="88" parent="Levels/streets" instance=ExtResource("11_cxx1a")]
transform = Transform3D(-0.173648, 0, 0.984808, 0, 1, 0, -0.984808, 0, -0.173648, 368.59, 0, 838.96)

[node name="89" parent="Levels/streets" instance=ExtResource("11_cxx1a")]
transform = Transform3D(-0.173648, 0, 0.984808, 0, 1, 0, -0.984808, 0, -0.173648, 500.59, 0, 824.96)

[node name="90" parent="Levels/streets" instance=ExtResource("11_cxx1a")]
transform = Transform3D(1, 0, -1.49012e-08, 0, 1, 0, 1.49012e-08, 0, 1, 669.99, 0, 674.36)

[node name="91" parent="Levels/streets" instance=ExtResource("10_qyej0")]
transform = Transform3D(-4.47035e-08, 0, 1, 0, 1, 0, -1, 0, -4.47035e-08, 669.1, 0, 725.2)

[node name="92" parent="Levels/streets" instance=ExtResource("10_qyej0")]
transform = Transform3D(-4.27193e-08, 0, -1, 0, 1, 0, 1, 0, -4.27193e-08, 607.1, 0, 650.2)

[node name="93" parent="Levels/streets" instance=ExtResource("8_7t2yj")]
transform = Transform3D(-1.98419e-09, 0, -1, 0, 1, 0, 1, 0, -1.98419e-09, 668.306, 0, 791.128)

[node name="94" parent="Levels/streets" instance=ExtResource("11_cxx1a")]
transform = Transform3D(-1, 0, -7.25216e-08, 0, 1, 0, 7.25216e-08, 0, -1, 605.59, 0, 719.26)

[node name="95" parent="Levels/streets" instance=ExtResource("8_7t2yj")]
transform = Transform3D(0.258819, 0, -0.965926, 0, 1, 0, 0.965926, 0, 0.258819, 543.106, 0, 904.128)

[node name="96" parent="Levels/streets" instance=ExtResource("10_qyej0")]
transform = Transform3D(-0.173648, 0, -0.984808, 0, 1, 0, 0.984808, 0, -0.173648, 1247.1, 0, 1097.2)

[node name="97" parent="Levels/streets" instance=ExtResource("10_qyej0")]
transform = Transform3D(0.0871559, 0, 0.996195, 0, 1, 0, -0.996195, 0, 0.0871559, 1341.8, 0, 1172.2)

[node name="98" parent="Levels/streets" instance=ExtResource("11_4a5py")]
transform = Transform3D(-0.0871556, 0, -0.996195, 0, 1, 0, 0.996195, 0, -0.0871556, 1300, 0, 1145.7)

[node name="99" parent="Levels/streets" instance=ExtResource("8_7t2yj")]
transform = Transform3D(-0.906308, 0, 0.422619, 0, 1, 0, -0.422619, 0, -0.906308, 1010.91, 0, 1357.23)

[node name="100" parent="Levels/streets" instance=ExtResource("8_7t2yj")]
transform = Transform3D(0.0871554, 0, -0.996195, 0, 1, 0, 0.996195, 0, 0.0871554, 1513.91, 0, 1428.23)

[node name="101" parent="Levels/streets" instance=ExtResource("8_7t2yj")]
transform = Transform3D(0.939693, 0, 0.34202, 0, 1, 0, -0.34202, 0, 0.939693, 1421.31, 0, 1220.43)

[node name="102" parent="Levels/streets" instance=ExtResource("8_7t2yj")]
transform = Transform3D(1, 0, -2.83122e-07, 0, 1, 0, 2.83122e-07, 0, 1, 1638.31, 0, 1066.53)

[node name="103" parent="Levels/streets" instance=ExtResource("8_7t2yj")]
transform = Transform3D(0.984808, 0, 0.173648, 0, 1, 0, -0.173648, 0, 0.984808, 1425.31, 0, 1118.43)

[node name="104" parent="Levels/streets" instance=ExtResource("11_cxx1a")]
transform = Transform3D(-0.258819, 0, 0.965926, 0, 1, 0, -0.965926, 0, -0.258819, 1569.39, 0, 1075.66)

[node name="105" parent="Levels/streets" instance=ExtResource("10_qyej0")]
transform = Transform3D(-0.965926, 0, -0.258819, 0, 1, 0, 0.258819, 0, -0.965926, 1507.69, 0, 1094.19)

[node name="106" parent="Levels/streets" instance=ExtResource("8_7t2yj")]
transform = Transform3D(0.087156, 0, 0.996195, 0, 1, 0, -0.996195, 0, 0.087156, 82.8062, 0, 1654.23)

[node name="107" parent="Levels/streets" instance=ExtResource("8_7t2yj")]
transform = Transform3D(-0.342021, 0, -0.939693, 0, 1, 0, 0.939693, 0, -0.342021, 242.806, 0, 1654.23)

[node name="108" parent="Levels/streets" instance=ExtResource("11_4a5py")]
transform = Transform3D(0.422618, 0, 0.906308, 0, 1, 0, -0.906308, 0, 0.422618, 216, 0, 1747.2)

[node name="109" parent="Levels/streets" instance=ExtResource("11_cxx1a")]
transform = Transform3D(-0.965926, 0, 0.258819, 0, 1, 0, -0.258819, 0, -0.965926, 72.59, 0, 1726.96)

[node name="110" parent="Levels/streets" instance=ExtResource("11_cxx1a")]
transform = Transform3D(0.866025, 0, -0.5, 0, 1, 0, 0.5, 0, 0.866025, 174.59, 0, 1816.26)

[node name="111" parent="Levels/streets" instance=ExtResource("12_2pvwt")]
transform = Transform3D(0.258819, 0, 0.965926, 0, 1, 0, -0.965926, 0, 0.258819, 451.9, 0, 1238)

[node name="112" parent="Levels/streets" instance=ExtResource("12_2pvwt")]
transform = Transform3D(0.258819, 0, 0.965926, 0, 1, 0, -0.965926, 0, 0.258819, 432.1, 0, 1368)

[node name="113" parent="Levels/streets" instance=ExtResource("12_2pvwt")]
transform = Transform3D(-0.258819, 0, -0.965926, 0, 1, 0, 0.965926, 0, -0.258819, 485.1, 0, 1368)

[node name="114" parent="Levels/streets" instance=ExtResource("12_2pvwt")]
transform = Transform3D(-0.258819, 0, -0.965926, 0, 1, 0, 0.965926, 0, -0.258819, 497.1, 0, 1296)

[node name="115" parent="Levels/streets" instance=ExtResource("11_4a5py")]
transform = Transform3D(-1.78814e-07, 0, 1, 0, 1, 0, -1, 0, -1.78814e-07, 159, 0, 1590.2)

[node name="116" parent="Levels/streets" instance=ExtResource("11_cxx1a")]
transform = Transform3D(0.984808, 0, -0.173648, 0, 1, 0, 0.173648, 0, 0.984808, 145.59, 0, 1669.26)

[node name="117" parent="Levels/streets" instance=ExtResource("11_cxx1a")]
transform = Transform3D(-0.5, 0, -0.866025, 0, 1, 0, 0.866025, 0, -0.5, 1036.89, 0, 1019.76)

[node name="118" parent="Levels/streets" instance=ExtResource("11_cxx1a")]
transform = Transform3D(-0.984808, 0, 0.173648, 0, 1, 0, -0.173648, 0, -0.984808, 1086.89, 0, 868.76)

[node name="119" parent="Levels/streets" instance=ExtResource("11_cxx1a")]
transform = Transform3D(-1, 0, 2.5332e-07, 0, 1, 0, -2.5332e-07, 0, -1, 1176.89, 0, 729.76)

[node name="120" parent="Levels/streets" instance=ExtResource("11_cxx1a")]
transform = Transform3D(-0.984808, 0, 0.173648, 0, 1, 0, -0.173648, 0, -0.984808, 986.59, 0, 314.66)

[node name="121" parent="Levels/streets" instance=ExtResource("11_cxx1a")]
transform = Transform3D(0.984808, 0, -0.173648, 0, 1, 0, 0.173648, 0, 0.984808, 1008.59, 0, 485.66)

[node name="river" type="Node" parent="Levels"]

[node name="MeshInstance3D" type="MeshInstance3D" parent="Levels/river"]
transform = Transform3D(1, 0, 0, 0, 1, 0, 0, 0, 1, 1051, -0.4, 1823)
mesh = SubResource("PlaneMesh_gc26u")

[node name="infrastructure" type="Node" parent="Levels"]

[node name="school" parent="Levels/infrastructure" instance=ExtResource("14_6dguf")]
transform = Transform3D(0.0871557, 0, -0.996195, 0, 1, 0, 0.996195, 0, 0.0871557, 917.6, 0, 1565.8)

[node name="postOfficeBulild" parent="Levels/infrastructure" instance=ExtResource("15_hcqwq")]
transform = Transform3D(-4.37114e-08, 0, 1, 0, 1, 0, -1, 0, -4.37114e-08, 948, 0, 1174)

[node name="hospital" parent="Levels/infrastructure" instance=ExtResource("16_st33v")]
transform = Transform3D(0.34202, 0, 0.939693, 0, 1, 0, -0.939693, 0, 0.34202, 1056.2, 0, 774)

[node name="nature" type="Node" parent="Levels"]

[node name="big_forest" type="Node3D" parent="Levels/nature"]
script = ExtResource("17_0tutk")
render_mode = 1
modifier_stack = SubResource("Resource_kud65")
Performance/use_chunks = true
Performance/chunk_dimensions = Vector3(15, 15, 15)

[node name="tree_1" type="Node3D" parent="Levels/nature/big_forest"]
script = ExtResource("23_kpixf")
source_scale_multiplier = 2.0
path = "res://objects/PROPS/nature/forest_tree_2.tscn"

[node name="tree_2" type="Node3D" parent="Levels/nature/big_forest"]
script = ExtResource("23_kpixf")
source_scale_multiplier = 3.0
path = "res://objects/PROPS/nature/forest_tree_3.tscn"

[node name="ScatterShape" type="Node3D" parent="Levels/nature/big_forest"]
transform = Transform3D(1, 0, -2.98023e-08, 0, 1, 0, 2.98023e-08, 0, 1, 0, 0, 0)
script = ExtResource("24_g5fqv")
shape = SubResource("Resource_bx7eo")

[node name="sound_zones" type="Node" parent="Levels"]

[node name="forest_sound" type="AudioStreamPlayer3D" parent="Levels/sound_zones"]
transform = Transform3D(1, 0, 0, 0, 1, 0, 0, 0, 1, 1846, 64, 420)
stream = ExtResource("26_hqxx8")
autoplay = true
max_distance = 1403.33
doppler_tracking = 1

[node name="Player" parent="." instance=ExtResource("5_6o1kf")]
transform = Transform3D(1, 0, 0, 0, 0.999918, -0.0128104, 0, 0.0128104, 0.999918, 1577.28, 0, 537.67)
collision_layer = 3
collision_mask = 3
wall_min_slide_angle = 1.5708

[connection signal="timeout" from="SERVERS/timer_daycycle" to="." method="_on_timer_daycycle_timeout"]
