[gd_scene load_steps=19 format=3 uid="uid://c66dar30xo83l"]

[ext_resource type="Script" path="res://scenes/world/World.gd" id="1_xxt06"]
[ext_resource type="Script" path="res://addons/zylann.hterrain/hterrain.gd" id="2_j3jfb"]
[ext_resource type="Resource" path="res://scenes/world/terrain_data/data.hterrain" id="3_ajii5"]
[ext_resource type="Script" path="res://addons/zylann.hterrain/hterrain_texture_set.gd" id="4_rbhmn"]
[ext_resource type="PackedScene" uid="uid://cc1m2a1obsyn4" path="res://objects/player/player.tscn" id="5_6o1kf"]
[ext_resource type="PackedScene" uid="uid://cjsj70ofmvnx2" path="res://objects/PROPS/environment/roads/road.tscn" id="6_j5vhd"]
[ext_resource type="PackedScene" uid="uid://cpat5kv2ue7yo" path="res://objects/TRANSPORT/car/car.tscn" id="7_b7dlb"]
[ext_resource type="PackedScene" uid="uid://dkfbfrrjn8o18" path="res://objects/builds/fourStoryBuldsVariations/four_story_building_main.tscn" id="7_t74fg"]
[ext_resource type="PackedScene" uid="uid://cm8vci4pysgq1" path="res://objects/builds/house_2.tscn" id="8_7t2yj"]
[ext_resource type="PackedScene" uid="uid://bhuacmlsd7e7b" path="res://objects/builds/barn_1.tscn" id="9_mt0c7"]
[ext_resource type="PackedScene" uid="uid://csm60gr7f2vti" path="res://objects/builds/house_1.tscn" id="10_qyej0"]
[ext_resource type="PackedScene" uid="uid://dp80ffcw30b84" path="res://objects/builds/rural_house/rural_house.tscn" id="11_cxx1a"]
[ext_resource type="PackedScene" uid="uid://bygta15dq1jdm" path="res://assets/models/builds/house3.blend" id="13_xdksr"]

[sub_resource type="ProceduralSkyMaterial" id="ProceduralSkyMaterial_td0pw"]
sky_curve = 2.48463
ground_curve = 0.298571
sun_curve = 0.369343

[sub_resource type="Sky" id="Sky_ylmtc"]
sky_material = SubResource("ProceduralSkyMaterial_td0pw")

[sub_resource type="Environment" id="Environment_kqe7o"]
background_mode = 2
background_color = Color(0.592157, 0.592157, 0.592157, 1)
sky = SubResource("Sky_ylmtc")
glow_enabled = true
fog_density = 0.0
volumetric_fog_sky_affect = 0.546

[sub_resource type="CameraAttributesPractical" id="CameraAttributesPractical_ke1mj"]

[sub_resource type="Resource" id="Resource_hxkjo"]
script = ExtResource("4_rbhmn")
mode = 0
textures = [[], []]

[node name="World" type="Node"]
script = ExtResource("1_xxt06")
car = ExtResource("7_b7dlb")

[node name="SERVERS" type="Node" parent="."]

[node name="timer_daycycle" type="Timer" parent="SERVERS"]
autostart = true

[node name="WorldEnv" type="Node" parent="."]

[node name="WE" type="WorldEnvironment" parent="WorldEnv"]
environment = SubResource("Environment_kqe7o")
camera_attributes = SubResource("CameraAttributesPractical_ke1mj")

[node name="Sun" type="DirectionalLight3D" parent="WorldEnv"]
transform = Transform3D(1, 7.2994e-08, 8.62239e-08, -4.81903e-08, -0.414693, 0.909961, 1.02178e-07, -0.909961, -0.414693, 0.992416, 0, -4.94073)
light_bake_mode = 1

[node name="Levels" type="Node" parent="."]

[node name="terrain" type="Node" parent="Levels"]

[node name="HTerrain" type="Node3D" parent="Levels/terrain"]
script = ExtResource("2_j3jfb")
ambient_wind = 1.0
_terrain_data = ExtResource("3_ajii5")
chunk_size = 64
collision_enabled = true
collision_layer = 1
collision_mask = 1
shader_type = "LowPoly"
custom_shader = null
custom_globalmap_shader = null
texture_set = SubResource("Resource_hxkjo")
render_layers = 1
cast_shadow = 1

[node name="road" type="Node" parent="Levels"]

[node name="road" parent="Levels/road" instance=ExtResource("6_j5vhd")]
transform = Transform3D(1, 0, 0, 0, 1, 0, 0, 0, 1, 964.54, 0, 1047.9)

[node name="streets" type="Node" parent="Levels"]

[node name="Улица Победы" type="Node" parent="Levels/streets"]

[node name="9" parent="Levels/streets/Улица Победы" instance=ExtResource("7_t74fg")]
transform = Transform3D(-0.953512, 0, 0.301355, 0, 1, 0, -0.301355, 0, -0.953512, 1026.37, 0, 819.729)

[node name="1-ая Железнодорожная" type="Node" parent="Levels/streets"]

[node name="7А" parent="Levels/streets/1-ая Железнодорожная" instance=ExtResource("7_t74fg")]
transform = Transform3D(-0.258819, 0, -0.965926, 0, 1, 0, 0.965926, 0, -0.258819, 980, 0, 863)

[node name="5А" parent="Levels/streets/1-ая Железнодорожная" instance=ExtResource("7_t74fg")]
transform = Transform3D(-0.258819, 0, -0.965926, 0, 1, 0, 0.965926, 0, -0.258819, 1000, 0, 926)

[node name="Садовая Улица" type="Node" parent="Levels/streets"]

[node name="39" type="Node" parent="Levels/streets/Садовая Улица"]

[node name="house2" parent="Levels/streets/Садовая Улица/39" instance=ExtResource("8_7t2yj")]
transform = Transform3D(-2.98023e-08, 0, 1, 0, 1, 0, -1, 0, -2.98023e-08, 1640, 0, 1260.11)

[node name="barn1" parent="Levels/streets/Садовая Улица/39" instance=ExtResource("9_mt0c7")]
transform = Transform3D(-0.5, 0, -0.866025, 0, 1, 0, 0.866025, 0, -0.5, 1638, 0, 1232)

[node name="barn2" parent="Levels/streets/Садовая Улица/39" instance=ExtResource("9_mt0c7")]
transform = Transform3D(-1, 0, 8.74228e-08, 0, 1, 0, -8.74228e-08, 0, -1, 1652, 0, 1229)

[node name="37" type="Node" parent="Levels/streets/Садовая Улица"]

[node name="house1" parent="Levels/streets/Садовая Улица/37" instance=ExtResource("10_qyej0")]
transform = Transform3D(0.965926, 0, -0.258819, 0, 1, 0, 0.258819, 0, 0.965926, 1604.09, 0, 1220.49)

[node name="barn1" parent="Levels/streets/Садовая Улица/37" instance=ExtResource("9_mt0c7")]
transform = Transform3D(-4.37114e-08, 0, 1, 0, 1, 0, -1, 0, -4.37114e-08, 1608.21, 0, 1239)

[node name="33" type="Node" parent="Levels/streets/Садовая Улица"]

[node name="ruralHouse" parent="Levels/streets/Садовая Улица/33" instance=ExtResource("11_cxx1a")]
transform = Transform3D(0.258819, 0, -0.965926, 0, 1, 0, 0.965926, 0, 0.258819, 1574.39, 0, 1224.76)

[node name="29" type="Node" parent="Levels/streets/Садовая Улица"]

[node name="ruralHouse" parent="Levels/streets/Садовая Улица/29" instance=ExtResource("11_cxx1a")]
transform = Transform3D(0.965926, 0, 0.258819, 0, 1, 0, -0.258819, 0, 0.965926, 1556, 0, 1245)

[node name="Player" parent="." instance=ExtResource("5_6o1kf")]
transform = Transform3D(1, 0, 0, 0, 0.999918, -0.0128104, 0, 0.0128104, 0.999918, 1525.28, 0, 1289.67)
collision_layer = 3
collision_mask = 3
wall_min_slide_angle = 1.5708

[node name="house3" parent="." instance=ExtResource("13_xdksr")]
transform = Transform3D(-4.37114e-08, 0, 1, 0, 1, 0, -1, 0, -4.37114e-08, 1568, 0, 1285)

[connection signal="timeout" from="SERVERS/timer_daycycle" to="." method="_on_timer_daycycle_timeout"]
