[gd_scene load_steps=47 format=3 uid="uid://c66dar30xo83l"]

[ext_resource type="Script" path="res://scenes/world/World.gd" id="1_xxt06"]
[ext_resource type="Script" path="res://addons/zylann.hterrain/hterrain.gd" id="2_j3jfb"]
[ext_resource type="PackedScene" uid="uid://b6xb3m0mq55td" path="res://objects/ENVIRONMENT/ENV.tscn" id="3_7t5e4"]
[ext_resource type="Resource" path="res://scenes/world/terrain_data/data.hterrain" id="3_ajii5"]
[ext_resource type="Script" path="res://addons/zylann.hterrain/hterrain_texture_set.gd" id="4_rbhmn"]
[ext_resource type="PackedScene" uid="uid://cc1m2a1obsyn4" path="res://objects/player/player.tscn" id="5_6o1kf"]
[ext_resource type="PackedScene" uid="uid://cjsj70ofmvnx2" path="res://objects/PROPS/environment/roads/road.tscn" id="6_j5vhd"]
[ext_resource type="PackedScene" uid="uid://dkfbfrrjn8o18" path="res://objects/builds/fourStoryBuldsVariations/four_story_building_main.tscn" id="7_t74fg"]
[ext_resource type="PackedScene" uid="uid://jxlhyaaw08ri" path="res://objects/builds/house_2.tscn" id="8_7t2yj"]
[ext_resource type="PackedScene" uid="uid://c4uetwurks8ly" path="res://objects/builds/house_1.tscn" id="10_qyej0"]
[ext_resource type="PackedScene" uid="uid://cmorp412pryek" path="res://objects/builds/house_3.tscn" id="11_4a5py"]
[ext_resource type="PackedScene" uid="uid://dp80ffcw30b84" path="res://objects/builds/rural_house/rural_house.tscn" id="11_cxx1a"]
[ext_resource type="PackedScene" uid="uid://dkj4ku0wve5y6" path="res://objects/PROPS/package_letter_receiver/package_letter_receiver.tscn" id="12_1elkd"]
[ext_resource type="PackedScene" uid="uid://btwke8875ebcq" path="res://objects/builds/two_story_building.tscn" id="12_2pvwt"]
[ext_resource type="Shader" path="res://shaders/lake_water.gdshader" id="12_jiaus"]
[ext_resource type="PackedScene" uid="uid://d3k3mjiras3di" path="res://objects/PROPS/package_box_receiver/package_box_receiver.tscn" id="13_5msbq"]
[ext_resource type="PackedScene" uid="uid://mmnbj1v5yjkb" path="res://objects/builds/school.tscn" id="14_6dguf"]
[ext_resource type="PackedScene" uid="uid://cj1ydvi2t3bot" path="res://objects/builds/post_office_bulild.tscn" id="15_hcqwq"]
[ext_resource type="PackedScene" uid="uid://c6776lt6vo53g" path="res://objects/builds/hospital/hospital.tscn" id="16_st33v"]
[ext_resource type="Script" path="res://addons/proton_scatter/src/scatter.gd" id="17_0tutk"]
[ext_resource type="Script" path="res://addons/proton_scatter/src/stack/modifier_stack.gd" id="18_1fwha"]
[ext_resource type="PackedScene" uid="uid://din700dmcsdr4" path="res://objects/PROPS/package_spawner/package_spawner.tscn" id="18_viama"]
[ext_resource type="Script" path="res://addons/proton_scatter/src/modifiers/create_inside_random.gd" id="19_6qlp7"]
[ext_resource type="Script" path="res://addons/proton_scatter/src/modifiers/randomize_transforms.gd" id="20_xv4po"]
[ext_resource type="Script" path="res://addons/proton_scatter/src/modifiers/relax.gd" id="21_ai286"]
[ext_resource type="Script" path="res://addons/proton_scatter/src/modifiers/project_on_geometry.gd" id="22_k8kdo"]
[ext_resource type="Script" path="res://addons/proton_scatter/src/scatter_item.gd" id="23_kpixf"]
[ext_resource type="Script" path="res://addons/proton_scatter/src/scatter_shape.gd" id="24_g5fqv"]
[ext_resource type="Script" path="res://addons/proton_scatter/src/shapes/path_shape.gd" id="25_4ndlv"]
[ext_resource type="AudioStream" uid="uid://b1dvxv0j0lqfh" path="res://assets/sounds/forest_sound_nature.mp3" id="26_hqxx8"]
[ext_resource type="PackedScene" uid="uid://b2dspemfb0g23" path="res://objects/MOBS/ufo/ufo.tscn" id="27_mbv02"]
[ext_resource type="PackedScene" uid="uid://cpat5kv2ue7yo" path="res://objects/TRANSPORT/car/car.tscn" id="27_vrtll"]

[sub_resource type="Resource" id="Resource_hxkjo"]
script = ExtResource("4_rbhmn")
mode = 0
textures = [[], []]

[sub_resource type="FastNoiseLite" id="FastNoiseLite_1gdrn"]
noise_type = 3

[sub_resource type="NoiseTexture2D" id="NoiseTexture2D_hemwg"]
width = 256
height = 256
seamless = true
as_normal_map = true
noise = SubResource("FastNoiseLite_1gdrn")

[sub_resource type="FastNoiseLite" id="FastNoiseLite_kt21m"]
frequency = 0.0002

[sub_resource type="NoiseTexture2D" id="NoiseTexture2D_nv46i"]
seamless = true
noise = SubResource("FastNoiseLite_kt21m")

[sub_resource type="ShaderMaterial" id="ShaderMaterial_divvh"]
render_priority = 0
shader = ExtResource("12_jiaus")
shader_parameter/albedo = Color(0.439216, 0.615686, 1, 1)
shader_parameter/albedo2 = Color(0.631373, 0.556863, 0.803922, 1)
shader_parameter/metallic = 0.0
shader_parameter/roughness = 0.071
shader_parameter/wave_direction = Vector2(2, 0)
shader_parameter/wave_direction2 = Vector2(0, 1)
shader_parameter/time_scale = 0.025
shader_parameter/noise_scale = 10.0
shader_parameter/height_scale = 0.15
shader_parameter/color_deep = Color(0, 0, 0, 1)
shader_parameter/color_shallow = null
shader_parameter/beers_law = 2.0
shader_parameter/depth_offset = -0.75
shader_parameter/edge_scale = 0.1
shader_parameter/near = 1.0
shader_parameter/far = 100.0
shader_parameter/edge_color = Color(0.811765, 0.811765, 0.811765, 1)
shader_parameter/wave = SubResource("NoiseTexture2D_nv46i")
shader_parameter/texture_normal = SubResource("NoiseTexture2D_hemwg")

[sub_resource type="PlaneMesh" id="PlaneMesh_gc26u"]
material = SubResource("ShaderMaterial_divvh")
size = Vector2(2000, 450)

[sub_resource type="Resource" id="Resource_3lrjt"]
script = ExtResource("19_6qlp7")
amount = 1000
enabled = true
override_global_seed = false
custom_seed = 0
restrict_height = true
reference_frame = 1

[sub_resource type="Resource" id="Resource_urubv"]
script = ExtResource("20_xv4po")
position = Vector3(0.15, 0.15, 0.15)
rotation = Vector3(0, 360, 0)
scale = Vector3(0.1, 0.5, 0.1)
enabled = true
override_global_seed = false
custom_seed = 0
restrict_height = false
reference_frame = 2

[sub_resource type="Resource" id="Resource_ihwq2"]
script = ExtResource("21_ai286")
iterations = 3
offset_step = 0.2
consecutive_step_multiplier = 0.75
use_computeshader = true
enabled = true
override_global_seed = false
custom_seed = 0
restrict_height = true
reference_frame = 0

[sub_resource type="Resource" id="Resource_rn01v"]
script = ExtResource("22_k8kdo")
ray_direction = Vector3(0, -1, 0)
ray_length = 5.0
ray_offset = 5.0
remove_points_on_miss = false
align_with_collision_normal = false
max_slope = 90.0
collision_mask = 1
exclude_mask = 0
enabled = true
override_global_seed = false
custom_seed = 0
restrict_height = false
reference_frame = 0

[sub_resource type="Resource" id="Resource_xr8aq"]
script = ExtResource("18_1fwha")
stack = Array[Resource("res://addons/proton_scatter/src/modifiers/base_modifier.gd")]([SubResource("Resource_3lrjt"), SubResource("Resource_urubv"), SubResource("Resource_ihwq2"), SubResource("Resource_rn01v")])

[sub_resource type="Curve3D" id="Curve3D_dvrdm"]
_data = {
"points": PackedVector3Array(0, 0, 0, 0, 0, 0, 8.2619, 0, 23.7001, 0, 0, 0, 0, 0, 0, -0.983429, 0, 1029.14, 0, 0, 0, 0, 0, 0, 179.302, 0, 761.02, 0, 0, 0, 0, 0, 0, 267.133, 0, 520.64, 0, 0, 0, 0, 0, 0, 368.832, 0, 335.732, 0, 0, 0, 0, 0, 0, 528.315, 0, 217.853, 0, 0, 0, 0, 0, 0, 814.923, 0, 143.89, 0, 0, 0, 0, 0, 0, 1187.05, 0, 148.513, 0, 0, 0, 0, 0, 0, 1506.02, 0, 287.194, 0, 0, 0, 0, 0, 0, 1720.97, 0, 541.442, 0, 0, 0, 0, 0, 0, 1778.76, 0, 830.361, 0, 0, 0, 0, 0, 0, 2000.64, 0, 978.287, 0, 0, 0, 0, 0, 0, 2037.63, 0, 950.551, 0, 0, 0, 0, 0, 0, 2028.38, 0, 19.0773),
"tilts": PackedFloat32Array(0, 0, 0, 0, 0, 0, 0, 0, 0, 0, 0, 0, 0, 0)
}
point_count = 14

[sub_resource type="Resource" id="Resource_bx7eo"]
script = ExtResource("25_4ndlv")
closed = true
thickness = 0.0
curve = SubResource("Curve3D_dvrdm")

[node name="World" type="Node"]
script = ExtResource("1_xxt06")

[node name="SERVERS" type="Node" parent="."]

[node name="timer_daycycle" type="Timer" parent="SERVERS"]
autostart = true

[node name="WorldEnv" type="Node" parent="."]

[node name="ENV" parent="WorldEnv" instance=ExtResource("3_7t5e4")]

[node name="Levels" type="Node" parent="."]

[node name="terrain" type="Node" parent="Levels"]

[node name="HTerrain" type="Node3D" parent="Levels/terrain"]
script = ExtResource("2_j3jfb")
ambient_wind = 1.0
_terrain_data = ExtResource("3_ajii5")
chunk_size = 64
collision_enabled = true
collision_layer = 1
collision_mask = 1
shader_type = "LowPoly"
custom_shader = null
custom_globalmap_shader = null
texture_set = SubResource("Resource_hxkjo")
render_layers = 1
cast_shadow = 1

[node name="road" type="Node" parent="Levels"]

[node name="road" parent="Levels/road" instance=ExtResource("6_j5vhd")]
transform = Transform3D(1, 0, 0, 0, 1, 0, 0, 0, 1, 964.54, 0, 1047.9)

[node name="streets" type="Node" parent="Levels"]

[node name="visotnaya_1" parent="Levels/streets" instance=ExtResource("7_t74fg")]
transform = Transform3D(-0.953512, 0, 0.301355, 0, 1, 0, -0.301355, 0, -0.953512, 1026.37, 0, 817.73)

[node name="package_box_receiver" parent="Levels/streets/visotnaya_1" instance=ExtResource("13_5msbq")]
transform = Transform3D(0.999999, 0, 0, 0, 1, 0, 0, 0, 0.999999, -18.5083, 0.268274, 5.2251)
deliver_code = "00056"

[node name="package_letter_receiver" parent="Levels/streets/visotnaya_1" instance=ExtResource("12_1elkd")]
transform = Transform3D(0.999999, 0, 2.98023e-08, 0, 1, 0, -2.98023e-08, 0, 0.999999, -21.4915, 1.05542, 5.05249)
deliver_code = "00056"

[node name="package_box_receiver2" parent="Levels/streets/visotnaya_1" instance=ExtResource("13_5msbq")]
transform = Transform3D(0.999999, 0, 5.96046e-08, 0, 1, 0, -5.96046e-08, 0, 0.999999, 1.50122, 0.268274, 5.22961)
deliver_code = "00057"

[node name="package_letter_receiver2" parent="Levels/streets/visotnaya_1" instance=ExtResource("12_1elkd")]
transform = Transform3D(0.999998, 0, 1.49012e-08, 0, 1, 0, -1.49012e-08, 0, 0.999998, -1.48212, 1.05542, 5.05676)
deliver_code = "00057"

[node name="package_box_receiver3" parent="Levels/streets/visotnaya_1" instance=ExtResource("13_5msbq")]
transform = Transform3D(0.999998, 0, 1.49012e-08, 0, 1, 0, -1.49012e-08, 0, 0.999998, 21.5818, 0.268274, 5.22717)
deliver_code = "00058"

[node name="package_letter_receiver3" parent="Levels/streets/visotnaya_1" instance=ExtResource("12_1elkd")]
transform = Transform3D(0.999997, 0, 1.49012e-08, 0, 1, 0, -1.49012e-08, 0, 0.999997, 18.5986, 1.05542, 5.05493)
deliver_code = "00058"

[node name="visotnaya_2" parent="Levels/streets" instance=ExtResource("7_t74fg")]
transform = Transform3D(-0.258819, 0, -0.965926, 0, 1, 0, 0.965926, 0, -0.258819, 973.47, 0, 863)

[node name="package_box_receiver" parent="Levels/streets/visotnaya_2" instance=ExtResource("13_5msbq")]
transform = Transform3D(0.999999, 0, 0, 0, 1, 0, 0, 0, 0.999999, -18.5083, 0.268274, 5.2251)
deliver_code = "00053"

[node name="package_letter_receiver" parent="Levels/streets/visotnaya_2" instance=ExtResource("12_1elkd")]
transform = Transform3D(0.999999, 0, 2.98023e-08, 0, 1, 0, -2.98023e-08, 0, 0.999999, -21.4915, 1.05542, 5.05249)
deliver_code = "00053"

[node name="package_box_receiver2" parent="Levels/streets/visotnaya_2" instance=ExtResource("13_5msbq")]
transform = Transform3D(0.999999, 0, 5.96046e-08, 0, 1, 0, -5.96046e-08, 0, 0.999999, 1.50122, 0.268274, 5.22961)
deliver_code = "00054"

[node name="package_letter_receiver2" parent="Levels/streets/visotnaya_2" instance=ExtResource("12_1elkd")]
transform = Transform3D(0.999998, 0, 1.49012e-08, 0, 1, 0, -1.49012e-08, 0, 0.999998, -1.48212, 1.05542, 5.05676)
deliver_code = "00054"

[node name="package_box_receiver3" parent="Levels/streets/visotnaya_2" instance=ExtResource("13_5msbq")]
transform = Transform3D(0.999998, 0, 1.49012e-08, 0, 1, 0, -1.49012e-08, 0, 0.999998, 21.5818, 0.268274, 5.22717)
deliver_code = "00055"

[node name="package_letter_receiver3" parent="Levels/streets/visotnaya_2" instance=ExtResource("12_1elkd")]
transform = Transform3D(0.999997, 0, 1.49012e-08, 0, 1, 0, -1.49012e-08, 0, 0.999997, 18.5986, 1.05542, 5.05493)
deliver_code = "00055"

[node name="visotnaya_3" parent="Levels/streets" instance=ExtResource("7_t74fg")]
transform = Transform3D(-0.258819, 0, -0.965926, 0, 1, 0, 0.965926, 0, -0.258819, 1000, 0, 926)

[node name="package_box_receiver" parent="Levels/streets/visotnaya_3" instance=ExtResource("13_5msbq")]
transform = Transform3D(0.999999, 0, 0, 0, 1, 0, 0, 0, 0.999999, -18.5083, 0.268274, 5.2251)
deliver_code = "00059"

[node name="package_letter_receiver" parent="Levels/streets/visotnaya_3" instance=ExtResource("12_1elkd")]
transform = Transform3D(0.999999, 0, 2.98023e-08, 0, 1, 0, -2.98023e-08, 0, 0.999999, -21.4915, 1.05542, 5.05249)
deliver_code = "00059"

[node name="package_box_receiver2" parent="Levels/streets/visotnaya_3" instance=ExtResource("13_5msbq")]
transform = Transform3D(0.999999, 0, 5.96046e-08, 0, 1, 0, -5.96046e-08, 0, 0.999999, 1.50122, 0.268274, 5.22961)
deliver_code = "00060"

[node name="package_letter_receiver2" parent="Levels/streets/visotnaya_3" instance=ExtResource("12_1elkd")]
transform = Transform3D(0.999998, 0, 1.49012e-08, 0, 1, 0, -1.49012e-08, 0, 0.999998, -1.48212, 1.05542, 5.05676)
deliver_code = "00060"

[node name="package_box_receiver3" parent="Levels/streets/visotnaya_3" instance=ExtResource("13_5msbq")]
transform = Transform3D(0.999998, 0, 1.49012e-08, 0, 1, 0, -1.49012e-08, 0, 0.999998, 21.5818, 0.268274, 5.22717)
deliver_code = "00061"

[node name="package_letter_receiver3" parent="Levels/streets/visotnaya_3" instance=ExtResource("12_1elkd")]
transform = Transform3D(0.999997, 0, 1.49012e-08, 0, 1, 0, -1.49012e-08, 0, 0.999997, 18.5986, 1.05542, 5.05493)
deliver_code = "00061"

[node name="4" parent="Levels/streets" instance=ExtResource("8_7t2yj")]
transform = Transform3D(-2.98023e-08, 0, 1, 0, 1, 0, -1, 0, -2.98023e-08, 1640, 0, 1260.11)

[node name="5" parent="Levels/streets" instance=ExtResource("10_qyej0")]
transform = Transform3D(0.965926, 0, -0.258819, 0, 1, 0, 0.258819, 0, 0.965926, 1604.09, 0, 1220.49)

[node name="6" parent="Levels/streets" instance=ExtResource("11_cxx1a")]
transform = Transform3D(0.258819, 0, -0.965926, 0, 1, 0, 0.965926, 0, 0.258819, 1574.39, 0, 1224.76)

[node name="7" parent="Levels/streets" instance=ExtResource("10_qyej0")]
transform = Transform3D(-0.258819, 0, 0.965926, 0, 1, 0, -0.965926, 0, -0.258819, 1567, 0, 1295)

[node name="8" parent="Levels/streets" instance=ExtResource("10_qyej0")]
transform = Transform3D(0.0204558, -0.00284723, -0.999787, 0.0194859, 0.999807, -0.00244863, 0.999601, -0.0194317, 0.0205074, 1524.97, 0, 1341)

[node name="9" parent="Levels/streets" instance=ExtResource("8_7t2yj")]
transform = Transform3D(2.98023e-08, 0, -1, 0, 1, 0, 1, 0, 2.98023e-08, 1576.81, 0, 1337.43)

[node name="10" parent="Levels/streets" instance=ExtResource("11_cxx1a")]
transform = Transform3D(0.965926, 0, 0.258819, 0, 1, 0, -0.258819, 0, 0.965926, 1556, 0, 1252)

[node name="11" parent="Levels/streets" instance=ExtResource("11_cxx1a")]
transform = Transform3D(-1, 0, 1.3411e-07, 0, 1, 0, -1.3411e-07, 0, -1, 1521, 0, 1299)

[node name="12" parent="Levels/streets" instance=ExtResource("10_qyej0")]
transform = Transform3D(-2.98023e-08, 0, 1, 0, 1, 0, -1, 0, -2.98023e-08, 1697, 0, 1263)

[node name="13" parent="Levels/streets" instance=ExtResource("11_cxx1a")]
transform = Transform3D(0.965926, 0, -0.258819, 0, 1, 0, 0.258819, 0, 0.965926, 1693.39, 0, 1311.76)

[node name="14" parent="Levels/streets" instance=ExtResource("8_7t2yj")]
transform = Transform3D(-0.258819, 0, -0.965926, 0, 1, 0, 0.965926, 0, -0.258819, 1690, 0, 1365.11)

[node name="15" parent="Levels/streets" instance=ExtResource("10_qyej0")]
transform = Transform3D(1.17225e-07, 0, -1, 0, 1, 0, 1, 0, 1.17225e-07, 1626, 0, 1368)

[node name="16" parent="Levels/streets" instance=ExtResource("11_cxx1a")]
transform = Transform3D(-1, 0, -5.96046e-08, 0, 1, 0, 5.96046e-08, 0, -1, 1628.39, 0, 1311.76)

[node name="17" parent="Levels/streets" instance=ExtResource("11_4a5py")]
transform = Transform3D(0.173648, 0, 0.984808, 0, 1, 0, -0.984808, 0, 0.173648, 1722, 0, 1154)

[node name="18" parent="Levels/streets" instance=ExtResource("11_4a5py")]
transform = Transform3D(0.0871558, 0, 0.996195, 0, 1, 0, -0.996195, 0, 0.0871558, 1207.54, 0, 962.747)

[node name="19" parent="Levels/streets" instance=ExtResource("11_4a5py")]
transform = Transform3D(0.173648, 0, 0.984808, 0, 1, 0, -0.984808, 0, 0.173648, 1247.4, 0, 671)

[node name="22" parent="Levels/streets" instance=ExtResource("11_4a5py")]
transform = Transform3D(-0.258819, 0, -0.965926, 0, 1, 0, 0.965926, 0, -0.258819, 846.827, 0, 939.823)

[node name="package_letter_receiver" parent="Levels/streets/22" instance=ExtResource("12_1elkd")]
transform = Transform3D(-0.999999, 0, -8.9407e-08, 0, 1, 0, 8.9407e-08, 0, -0.999999, -0.0942993, 1.82908, -8.1073)
deliver_code = "00005"

[node name="package_box_receiver" parent="Levels/streets/22" instance=ExtResource("13_5msbq")]
transform = Transform3D(-0.999999, 0, -8.9407e-08, 0, 1, 0, 8.9407e-08, 0, -0.999999, 0.393677, 0.315426, -8.23755)
deliver_code = "00005"

[node name="30" parent="Levels/streets" instance=ExtResource("11_4a5py")]
transform = Transform3D(0.258819, 0, 0.965926, 0, 1, 0, -0.965926, 0, 0.258819, 1061.8, 0, 284.2)

[node name="package_letter_receiver" parent="Levels/streets/30" instance=ExtResource("12_1elkd")]
transform = Transform3D(-0.999999, 0, -1.49012e-08, 0, 1, 0, 1.49012e-08, 0, -0.999999, -1.47104, 1.3021, -8.052)
deliver_code = "00001"

[node name="package_box_receiver" parent="Levels/streets/30" instance=ExtResource("13_5msbq")]
transform = Transform3D(-0.999999, 0, -2.98023e-08, 0, 1, 0, 2.98023e-08, 0, -0.999999, -2.21927, 0.309786, -8.28284)
deliver_code = "00001"

[node name="61" parent="Levels/streets" instance=ExtResource("8_7t2yj")]
transform = Transform3D(-0.258819, 0, -0.965926, 0, 1, 0, 0.965926, 0, -0.258819, 1031.31, 0, 387.128)

[node name="package_letter_receiver" parent="Levels/streets/61" instance=ExtResource("12_1elkd")]
transform = Transform3D(0.999997, 0, 1.49012e-08, 0, 1, 0, -1.49012e-08, 0, 0.999997, -3.54675, 2.05833, 6.04932)
deliver_code = "00003"

[node name="package_box_receiver" parent="Levels/streets/61" instance=ExtResource("13_5msbq")]
transform = Transform3D(0.999998, 0, 0, 0, 1, 0, 0, 0, 0.999998, -2.78589, 0.269888, 6.38306)
deliver_code = "00003"

[node name="120" parent="Levels/streets" instance=ExtResource("11_cxx1a")]
transform = Transform3D(-0.984808, 0, 0.173648, 0, 1, 0, -0.173648, 0, -0.984808, 986.59, 0, 314.66)

[node name="package_box_receiver" parent="Levels/streets/120" instance=ExtResource("13_5msbq")]
transform = Transform3D(-7.45058e-08, 0, -1, 0, 1, 0, 1, 0, -7.45058e-08, -5.30151, 0.275626, 2.49475)
deliver_code = "00002"

[node name="package_letter_receiver" parent="Levels/streets/120" instance=ExtResource("12_1elkd")]
transform = Transform3D(-7.45058e-08, 0, -1, 0, 1, 0, 1, 0, -7.45058e-08, -5.17261, 2.79797, 1.38417)
deliver_code = "00002"

[node name="121" parent="Levels/streets" instance=ExtResource("11_cxx1a")]
transform = Transform3D(0.984808, 0, -0.173648, 0, 1, 0, 0.173648, 0, 0.984808, 1008.59, 0, 485.66)

[node name="package_box_receiver" parent="Levels/streets/121" instance=ExtResource("13_5msbq")]
transform = Transform3D(-7.45058e-08, 0, -1, 0, 1, 0, 1, 0, -7.45058e-08, -5.30151, 0.275626, 2.49475)
deliver_code = "00004"

[node name="package_letter_receiver" parent="Levels/streets/121" instance=ExtResource("12_1elkd")]
transform = Transform3D(-7.45058e-08, 0, -1, 0, 1, 0, 1, 0, -7.45058e-08, -5.17261, 2.79797, 1.38417)
deliver_code = "00004"

[node name="25" parent="Levels/streets" instance=ExtResource("11_4a5py")]
transform = Transform3D(0.965926, 0, 0.258819, 0, 1, 0, -0.258819, 0, 0.965926, 1334, 0, 1616.2)

[node name="26" parent="Levels/streets" instance=ExtResource("11_4a5py")]
transform = Transform3D(0.984808, 0, 0.173648, 0, 1, 0, -0.173648, 0, 0.984808, 1053, 0, 1482.2)

[node name="27" parent="Levels/streets" instance=ExtResource("11_4a5py")]
transform = Transform3D(0.866026, 0, -0.5, 0, 1, 0, 0.5, 0, 0.866026, 1064, 0, 1215.7)

[node name="28" parent="Levels/streets" instance=ExtResource("11_4a5py")]
transform = Transform3D(-0.0871556, 0, -0.996195, 0, 1, 0, 0.996195, 0, -0.0871556, 1148.02, -1.90735e-06, 1046.77)

[node name="31" parent="Levels/streets" instance=ExtResource("11_cxx1a")]
transform = Transform3D(0.996195, 0, -0.0871558, 0, 1, 0, 0.0871558, 0, 0.996195, 1346.39, 0, 1109.76)

[node name="32" parent="Levels/streets" instance=ExtResource("11_cxx1a")]
transform = Transform3D(0.996195, 0, -0.0871558, 0, 1, 0, 0.0871558, 0, 0.996195, 1338.49, 0, 1232.76)

[node name="33" parent="Levels/streets" instance=ExtResource("11_cxx1a")]
transform = Transform3D(-1, 0, 1.78814e-07, 0, 1, 0, -1.78814e-07, 0, -1, 1236.89, 0, 1232.76)

[node name="krugovaya_1" parent="Levels/streets" instance=ExtResource("11_cxx1a")]
transform = Transform3D(-0.965926, 0, 0.258819, 0, 1, 0, -0.258819, 0, -0.965926, 894.89, 0, 447.76)

[node name="package_box_receiver" parent="Levels/streets/krugovaya_1" instance=ExtResource("13_5msbq")]
transform = Transform3D(-7.45058e-08, 0, -1, 0, 1, 0, 1, 0, -7.45058e-08, -5.30151, 0.275626, 2.49475)
deliver_code = "00006"

[node name="package_letter_receiver" parent="Levels/streets/krugovaya_1" instance=ExtResource("12_1elkd")]
transform = Transform3D(-7.45058e-08, 0, -1, 0, 1, 0, 1, 0, -7.45058e-08, -5.17261, 2.79797, 1.38417)
deliver_code = "00006"

[node name="krugovaya_2" parent="Levels/streets" instance=ExtResource("10_qyej0")]
transform = Transform3D(-0.258819, 0, -0.965926, 0, 1, 0, 0.965926, 0, -0.258819, 882.1, 0, 494)

[node name="package_letter_receiver" parent="Levels/streets/krugovaya_2" instance=ExtResource("12_1elkd")]
transform = Transform3D(-0.999999, 0, 0, 0, 1, 0, 0, 0, -0.999999, -1.51823, 2.14378, -4.05347)
deliver_code = "00012"

[node name="package_box_receiver" parent="Levels/streets/krugovaya_2" instance=ExtResource("13_5msbq")]
transform = Transform3D(-0.999999, 0, 2.98023e-08, 0, 1, 0, -2.98023e-08, 0, -0.999999, -1.56429, 0.792224, -4.22534)
deliver_code = "00012"

[node name="krugovaya_3" parent="Levels/streets" instance=ExtResource("11_cxx1a")]
transform = Transform3D(0.965926, 0, -0.258819, 0, 1, 0, 0.258819, 0, 0.965926, 901.89, 0, 572.76)

[node name="package_box_receiver" parent="Levels/streets/krugovaya_3" instance=ExtResource("13_5msbq")]
transform = Transform3D(-7.45058e-08, 0, -1, 0, 1, 0, 1, 0, -7.45058e-08, -5.30151, 0.275626, 2.49475)
deliver_code = "00008"

[node name="package_letter_receiver" parent="Levels/streets/krugovaya_3" instance=ExtResource("12_1elkd")]
transform = Transform3D(-7.45058e-08, 0, -1, 0, 1, 0, 1, 0, -7.45058e-08, -5.17261, 2.79797, 1.38417)
deliver_code = "00008"

[node name="krugovaya_4" parent="Levels/streets" instance=ExtResource("11_cxx1a")]
transform = Transform3D(0.965926, 0, -0.258819, 0, 1, 0, 0.258819, 0, 0.965926, 888.89, 0, 680.76)

[node name="package_box_receiver" parent="Levels/streets/krugovaya_4" instance=ExtResource("13_5msbq")]
transform = Transform3D(-7.45058e-08, 0, -1, 0, 1, 0, 1, 0, -7.45058e-08, -5.30151, 0.275626, 2.49475)
deliver_code = "00009"

[node name="package_letter_receiver" parent="Levels/streets/krugovaya_4" instance=ExtResource("12_1elkd")]
transform = Transform3D(-7.45058e-08, 0, -1, 0, 1, 0, 1, 0, -7.45058e-08, -5.17261, 2.79797, 1.38417)
deliver_code = "00009"

[node name="krugovaya_5" parent="Levels/streets" instance=ExtResource("11_4a5py")]
transform = Transform3D(0.939693, 0, -0.34202, 0, 1, 0, 0.34202, 0, 0.939693, 886.8, 0, 731.2)

[node name="package_letter_receiver" parent="Levels/streets/krugovaya_5" instance=ExtResource("12_1elkd")]
transform = Transform3D(-0.999999, 0, -8.9407e-08, 0, 1, 0, 8.9407e-08, 0, -0.999999, -0.0942993, 1.82908, -8.1073)
deliver_code = "00010"

[node name="package_box_receiver" parent="Levels/streets/krugovaya_5" instance=ExtResource("13_5msbq")]
transform = Transform3D(-0.999999, 0, -8.9407e-08, 0, 1, 0, 8.9407e-08, 0, -0.999999, 0.393677, 0.315426, -8.23755)
deliver_code = "00010"

[node name="sec_railway_1" parent="Levels/streets" instance=ExtResource("8_7t2yj")]
transform = Transform3D(0.173648, 0, 0.984808, 0, 1, 0, -0.984808, 0, 0.173648, 799.306, 0, 469.128)

[node name="package_letter_receiver" parent="Levels/streets/sec_railway_1" instance=ExtResource("12_1elkd")]
transform = Transform3D(0.999997, 0, 1.49012e-08, 0, 1, 0, -1.49012e-08, 0, 0.999997, -3.54675, 2.05833, 6.04932)
deliver_code = "00011"

[node name="package_box_receiver" parent="Levels/streets/sec_railway_1" instance=ExtResource("13_5msbq")]
transform = Transform3D(0.999998, 0, 0, 0, 1, 0, 0, 0, 0.999998, -2.78589, 0.269888, 6.38306)
deliver_code = "00011"

[node name="sec_railway_2" parent="Levels/streets" instance=ExtResource("11_cxx1a")]
transform = Transform3D(0.984808, 0, -0.173648, 0, 1, 0, 0.173648, 0, 0.984808, 845.69, 0, 470.26)

[node name="package_box_receiver" parent="Levels/streets/sec_railway_2" instance=ExtResource("13_5msbq")]
transform = Transform3D(-7.45058e-08, 0, -1, 0, 1, 0, 1, 0, -7.45058e-08, -5.30151, 0.275626, 2.49475)
deliver_code = "00012"

[node name="package_letter_receiver" parent="Levels/streets/sec_railway_2" instance=ExtResource("12_1elkd")]
transform = Transform3D(-7.45058e-08, 0, -1, 0, 1, 0, 1, 0, -7.45058e-08, -5.17261, 2.79797, 1.38417)
deliver_code = "00012"

[node name="sec_railway_3" parent="Levels/streets" instance=ExtResource("8_7t2yj")]
transform = Transform3D(-0.173648, 0, -0.984808, 0, 1, 0, 0.984808, 0, -0.173648, 837.306, 0, 551.128)

[node name="package_letter_receiver" parent="Levels/streets/sec_railway_3" instance=ExtResource("12_1elkd")]
transform = Transform3D(0.999997, 0, 1.49012e-08, 0, 1, 0, -1.49012e-08, 0, 0.999997, -3.54675, 2.05833, 6.04932)
deliver_code = "00013"

[node name="package_box_receiver" parent="Levels/streets/sec_railway_3" instance=ExtResource("13_5msbq")]
transform = Transform3D(0.999998, 0, 0, 0, 1, 0, 0, 0, 0.999998, -2.78589, 0.269888, 6.38306)
deliver_code = "00013"

[node name="sec_railway_4" parent="Levels/streets" instance=ExtResource("11_cxx1a")]
transform = Transform3D(-0.996195, 0, 0.0871559, 0, 1, 0, -0.0871559, 0, -0.996195, 790.89, 0, 572.76)

[node name="package_box_receiver" parent="Levels/streets/sec_railway_4" instance=ExtResource("13_5msbq")]
transform = Transform3D(-7.45058e-08, 0, -1, 0, 1, 0, 1, 0, -7.45058e-08, -5.30151, 0.275626, 2.49475)
deliver_code = "00014"

[node name="package_letter_receiver" parent="Levels/streets/sec_railway_4" instance=ExtResource("12_1elkd")]
transform = Transform3D(-7.45058e-08, 0, -1, 0, 1, 0, 1, 0, -7.45058e-08, -5.17261, 2.79797, 1.38417)
deliver_code = "00014"

[node name="sec_railway_5" parent="Levels/streets" instance=ExtResource("8_7t2yj")]
transform = Transform3D(0.173648, 0, 0.984808, 0, 1, 0, -0.984808, 0, 0.173648, 781.306, 0, 624.128)

[node name="package_letter_receiver" parent="Levels/streets/sec_railway_5" instance=ExtResource("12_1elkd")]
transform = Transform3D(0.999997, 0, 1.49012e-08, 0, 1, 0, -1.49012e-08, 0, 0.999997, -3.54675, 2.05833, 6.04932)
deliver_code = "00015"

[node name="package_box_receiver" parent="Levels/streets/sec_railway_5" instance=ExtResource("13_5msbq")]
transform = Transform3D(0.999998, 0, 0, 0, 1, 0, 0, 0, 0.999998, -2.78589, 0.269888, 6.38306)
deliver_code = "00015"

[node name="sec_railway_6" parent="Levels/streets" instance=ExtResource("10_qyej0")]
transform = Transform3D(0.173648, 0, 0.984808, 0, 1, 0, -0.984808, 0, 0.173648, 827.1, 0, 635)

[node name="package_letter_receiver" parent="Levels/streets/sec_railway_6" instance=ExtResource("12_1elkd")]
transform = Transform3D(-0.999999, 0, 0, 0, 1, 0, 0, 0, -0.999999, -1.51823, 2.14378, -4.05347)
deliver_code = "00016"

[node name="package_box_receiver" parent="Levels/streets/sec_railway_6" instance=ExtResource("13_5msbq")]
transform = Transform3D(-0.999999, 0, 2.98023e-08, 0, 1, 0, -2.98023e-08, 0, -0.999999, -1.56429, 0.792224, -4.22534)
deliver_code = "00016"

[node name="sec_railway_7" parent="Levels/streets" instance=ExtResource("11_4a5py")]
transform = Transform3D(-0.0871556, 0, -0.996195, 0, 1, 0, 0.996195, 0, -0.0871556, 762.9, 0, 788)

[node name="package_letter_receiver" parent="Levels/streets/sec_railway_7" instance=ExtResource("12_1elkd")]
transform = Transform3D(-0.999999, 0, -8.9407e-08, 0, 1, 0, 8.9407e-08, 0, -0.999999, -0.0942993, 1.82908, -8.1073)
deliver_code = "00017"

[node name="package_box_receiver" parent="Levels/streets/sec_railway_7" instance=ExtResource("13_5msbq")]
transform = Transform3D(-0.999999, 0, -8.9407e-08, 0, 1, 0, 8.9407e-08, 0, -0.999999, 0.393677, 0.315426, -8.23755)
deliver_code = "00017"

[node name="sec_railway_8" parent="Levels/streets" instance=ExtResource("8_7t2yj")]
transform = Transform3D(-0.0871558, 0, -0.996195, 0, 1, 0, 0.996195, 0, -0.0871558, 794.301, 0, 887.204)

[node name="package_letter_receiver" parent="Levels/streets/sec_railway_8" instance=ExtResource("12_1elkd")]
transform = Transform3D(0.999997, 0, 1.49012e-08, 0, 1, 0, -1.49012e-08, 0, 0.999997, -3.54675, 2.05833, 6.04932)
deliver_code = "00018"

[node name="package_box_receiver" parent="Levels/streets/sec_railway_8" instance=ExtResource("13_5msbq")]
transform = Transform3D(0.999998, 0, 0, 0, 1, 0, 0, 0, 0.999998, -2.78589, 0.269888, 6.38306)
deliver_code = "00018"

[node name="third_railway_1" parent="Levels/streets" instance=ExtResource("11_cxx1a")]
transform = Transform3D(-0.984808, 0, 0.173648, 0, 1, 0, -0.173648, 0, -0.984808, 730.69, 0, 509.26)

[node name="package_box_receiver" parent="Levels/streets/third_railway_1" instance=ExtResource("13_5msbq")]
transform = Transform3D(-7.45058e-08, 0, -1, 0, 1, 0, 1, 0, -7.45058e-08, -5.30151, 0.275626, 2.49475)
deliver_code = "00019"

[node name="package_letter_receiver" parent="Levels/streets/third_railway_1" instance=ExtResource("12_1elkd")]
transform = Transform3D(-7.45058e-08, 0, -1, 0, 1, 0, 1, 0, -7.45058e-08, -5.17261, 2.79797, 1.38417)
deliver_code = "00019"

[node name="third_railway_2" parent="Levels/streets" instance=ExtResource("10_qyej0")]
transform = Transform3D(0.0871555, 0, 0.996195, 0, 1, 0, -0.996195, 0, 0.0871555, 770.1, 0, 514)

[node name="package_letter_receiver" parent="Levels/streets/third_railway_2" instance=ExtResource("12_1elkd")]
transform = Transform3D(-0.999999, 0, 0, 0, 1, 0, 0, 0, -0.999999, -1.51823, 2.14378, -4.05347)
deliver_code = "00020"

[node name="package_box_receiver" parent="Levels/streets/third_railway_2" instance=ExtResource("13_5msbq")]
transform = Transform3D(-0.999999, 0, 2.98023e-08, 0, 1, 0, -2.98023e-08, 0, -0.999999, -1.56429, 0.792224, -4.22534)
deliver_code = "00020"

[node name="third_railway_3" parent="Levels/streets" instance=ExtResource("10_qyej0")]
transform = Transform3D(-0.0871556, 0, -0.996195, 0, 1, 0, 0.996195, 0, -0.0871556, 719.9, 0, 565)

[node name="package_letter_receiver" parent="Levels/streets/third_railway_3" instance=ExtResource("12_1elkd")]
transform = Transform3D(-0.999999, 0, 0, 0, 1, 0, 0, 0, -0.999999, -1.51823, 2.14378, -4.05347)
deliver_code = "00021"

[node name="package_box_receiver" parent="Levels/streets/third_railway_3" instance=ExtResource("13_5msbq")]
transform = Transform3D(-0.999999, 0, 2.98023e-08, 0, 1, 0, -2.98023e-08, 0, -0.999999, -1.56429, 0.792224, -4.22534)
deliver_code = "00021"

[node name="third_railway_4" parent="Levels/streets" instance=ExtResource("11_cxx1a")]
transform = Transform3D(-0.996195, 0, 0.0871559, 0, 1, 0, -0.0871559, 0, -0.996195, 714.69, 0, 605.26)

[node name="package_box_receiver" parent="Levels/streets/third_railway_4" instance=ExtResource("13_5msbq")]
transform = Transform3D(-7.45058e-08, 0, -1, 0, 1, 0, 1, 0, -7.45058e-08, -5.30151, 0.275626, 2.49475)
deliver_code = "00022"

[node name="package_letter_receiver" parent="Levels/streets/third_railway_4" instance=ExtResource("12_1elkd")]
transform = Transform3D(-7.45058e-08, 0, -1, 0, 1, 0, 1, 0, -7.45058e-08, -5.17261, 2.79797, 1.38417)
deliver_code = "00022"

[node name="third_railway_5" parent="Levels/streets" instance=ExtResource("11_cxx1a")]
transform = Transform3D(-1, 0, 1.02324e-07, 0, 1, 0, -1.02324e-07, 0, -1, 691.59, 0, 875.26)

[node name="package_box_receiver" parent="Levels/streets/third_railway_5" instance=ExtResource("13_5msbq")]
transform = Transform3D(-7.45058e-08, 0, -1, 0, 1, 0, 1, 0, -7.45058e-08, -5.30151, 0.275626, 2.49475)
deliver_code = "00023"

[node name="package_letter_receiver" parent="Levels/streets/third_railway_5" instance=ExtResource("12_1elkd")]
transform = Transform3D(-7.45058e-08, 0, -1, 0, 1, 0, 1, 0, -7.45058e-08, -5.17261, 2.79797, 1.38417)
deliver_code = "00023"

[node name="third_railway_6" parent="Levels/streets" instance=ExtResource("11_cxx1a")]
transform = Transform3D(1, 0, -1.49012e-08, 0, 1, 0, 1.49012e-08, 0, 1, 732.59, 0, 952.26)

[node name="package_box_receiver" parent="Levels/streets/third_railway_6" instance=ExtResource("13_5msbq")]
transform = Transform3D(-7.45058e-08, 0, -1, 0, 1, 0, 1, 0, -7.45058e-08, -5.30151, 0.275626, 2.49475)
deliver_code = "00024"

[node name="package_letter_receiver" parent="Levels/streets/third_railway_6" instance=ExtResource("12_1elkd")]
transform = Transform3D(-7.45058e-08, 0, -1, 0, 1, 0, 1, 0, -7.45058e-08, -5.17261, 2.79797, 1.38417)
deliver_code = "00024"

[node name="43" parent="Levels/streets" instance=ExtResource("10_qyej0")]
transform = Transform3D(-5.96046e-08, 0, -1, 0, 1, 0, 1, 0, -5.96046e-08, 1346, 0, 1293)

[node name="44" parent="Levels/streets" instance=ExtResource("10_qyej0")]
transform = Transform3D(0.173648, 0, -0.984808, 0, 1, 0, 0.984808, 0, 0.173648, 1374.7, 0, 1482)

[node name="45" parent="Levels/streets" instance=ExtResource("10_qyej0")]
transform = Transform3D(0.965926, 0, 0.258819, 0, 1, 0, -0.258819, 0, 0.965926, 1390, 0, 1597)

[node name="46" parent="Levels/streets" instance=ExtResource("10_qyej0")]
transform = Transform3D(-0.965926, 0, -0.258819, 0, 1, 0, 0.258819, 0, -0.965926, 1310, 0, 1563)

[node name="47" parent="Levels/streets" instance=ExtResource("10_qyej0")]
transform = Transform3D(-0.965926, 0, -0.258819, 0, 1, 0, 0.258819, 0, -0.965926, 1538, 0, 1498)

[node name="48" parent="Levels/streets" instance=ExtResource("10_qyej0")]
transform = Transform3D(0.866025, 0, 0.5, 0, 1, 0, -0.5, 0, 0.866025, 1703, 0, 1523)

[node name="49" parent="Levels/streets" instance=ExtResource("10_qyej0")]
transform = Transform3D(0.866026, 0, -0.5, 0, 1, 0, 0.5, 0, 0.866026, 1102, 0, 1239)

[node name="50" parent="Levels/streets" instance=ExtResource("10_qyej0")]
transform = Transform3D(1.19209e-07, 0, -1, 0, 1, 0, 1, 0, 1.19209e-07, 1201.4, 0, 1287.4)

[node name="51" parent="Levels/streets" instance=ExtResource("10_qyej0")]
transform = Transform3D(-2.06632e-07, 0, 1, 0, 1, 0, -1, 0, -2.06632e-07, 1281.4, 0, 1234.4)

[node name="53" parent="Levels/streets" instance=ExtResource("11_cxx1a")]
transform = Transform3D(-0.5, 0, -0.866025, 0, 1, 0, 0.866025, 0, -0.5, 1142.59, 0, 1260.26)

[node name="62" parent="Levels/streets" instance=ExtResource("8_7t2yj")]
transform = Transform3D(0.173648, 0, 0.984808, 0, 1, 0, -0.984808, 0, 0.173648, 1186.71, 0, 664.628)

[node name="63" parent="Levels/streets" instance=ExtResource("8_7t2yj")]
transform = Transform3D(-0.173648, 0, -0.984808, 0, 1, 0, 0.984808, 0, -0.173648, 1236.31, 0, 766.628)

[node name="64" parent="Levels/streets" instance=ExtResource("8_7t2yj")]
transform = Transform3D(0.173648, 0, 0.984808, 0, 1, 0, -0.984808, 0, 0.173648, 1238.31, 0, 1160.63)

[node name="65" parent="Levels/streets" instance=ExtResource("8_7t2yj")]
transform = Transform3D(-0.996195, 0, -0.0871555, 0, 1, 0, 0.0871555, 0, -0.996195, 1216.71, 0, 1409.93)

[node name="sovetskaya_1" parent="Levels/streets" instance=ExtResource("8_7t2yj")]
transform = Transform3D(-0.984808, 0, 0.173648, 0, 1, 0, -0.173648, 0, -0.984808, 513.706, 0, 1564.93)

[node name="package_letter_receiver" parent="Levels/streets/sovetskaya_1" instance=ExtResource("12_1elkd")]
transform = Transform3D(0.999997, 0, 1.49012e-08, 0, 1, 0, -1.49012e-08, 0, 0.999997, -3.54675, 2.05833, 6.04932)
deliver_code = "00069"

[node name="package_box_receiver" parent="Levels/streets/sovetskaya_1" instance=ExtResource("13_5msbq")]
transform = Transform3D(0.999998, 0, 0, 0, 1, 0, 0, 0, 0.999998, -2.78589, 0.269888, 6.38306)
deliver_code = "00069"

[node name="69" parent="Levels/streets" instance=ExtResource("11_cxx1a")]
transform = Transform3D(-0.984808, 0, 0.173648, 0, 1, 0, -0.173648, 0, -0.984808, 1135.89, 0, 1107.76)

[node name="70" parent="Levels/streets" instance=ExtResource("11_cxx1a")]
transform = Transform3D(0.34202, 0, 0.939693, 0, 1, 0, -0.939693, 0, 0.34202, 1015.89, 0, 1298.76)

[node name="71" parent="Levels/streets" instance=ExtResource("11_cxx1a")]
transform = Transform3D(-0.573577, 0, -0.819152, 0, 1, 0, 0.819152, 0, -0.573577, 1069.39, 0, 1394.06)

[node name="72" parent="Levels/streets" instance=ExtResource("11_cxx1a")]
transform = Transform3D(0.34202, 0, -0.939693, 0, 1, 0, 0.939693, 0, 0.34202, 1446.29, 0, 1588.26)

[node name="73" parent="Levels/streets" instance=ExtResource("11_cxx1a")]
transform = Transform3D(-0.258819, 0, 0.965926, 0, 1, 0, -0.965926, 0, -0.258819, 1372.29, 0, 1543.26)

[node name="74" parent="Levels/streets" instance=ExtResource("11_cxx1a")]
transform = Transform3D(0.258819, 0, -0.965926, 0, 1, 0, 0.965926, 0, 0.258819, 1554.29, 0, 1553.26)

[node name="75" parent="Levels/streets" instance=ExtResource("11_4a5py")]
transform = Transform3D(-0.965926, 0, -0.258819, 0, 1, 0, 0.258819, 0, -0.965926, 1659, 0, 1478.2)

[node name="76" parent="Levels/streets" instance=ExtResource("11_cxx1a")]
transform = Transform3D(0.984808, 0, 0.173648, 0, 1, 0, -0.173648, 0, 0.984808, 1449.29, 0, 1461.26)

[node name="77" parent="Levels/streets" instance=ExtResource("10_qyej0")]
transform = Transform3D(-0.173648, 0, 0.984808, 0, 1, 0, -0.984808, 0, -0.173648, 1440.7, 0, 1407)

[node name="78" parent="Levels/streets" instance=ExtResource("8_7t2yj")]
transform = Transform3D(0.707107, 0, -0.707107, 0, 1, 0, 0.707107, 0, 0.707107, 1421.41, 0, 1333.03)

[node name="79" parent="Levels/streets" instance=ExtResource("8_7t2yj")]
transform = Transform3D(2.98023e-08, 0, -1, 0, 1, 0, 1, 0, 2.98023e-08, 1251.31, 0, 1317.53)

[node name="80" parent="Levels/streets" instance=ExtResource("8_7t2yj")]
transform = Transform3D(0.819152, 0, -0.573576, 0, 1, 0, 0.573576, 0, 0.819152, 1020.81, 0, 1112.53)

[node name="pobedi_1" parent="Levels/streets" instance=ExtResource("8_7t2yj")]
transform = Transform3D(-0.965926, 0, 0.258819, 0, 1, 0, -0.258819, 0, -0.965926, 966.074, 0, 986.106)

[node name="package_letter_receiver" parent="Levels/streets/pobedi_1" instance=ExtResource("12_1elkd")]
transform = Transform3D(0.999997, 0, 1.49012e-08, 0, 1, 0, -1.49012e-08, 0, 0.999997, -3.54675, 2.05833, 6.04932)
deliver_code = "00063"

[node name="package_box_receiver" parent="Levels/streets/pobedi_1" instance=ExtResource("13_5msbq")]
transform = Transform3D(0.999998, 0, 0, 0, 1, 0, 0, 0, 0.999998, -2.78589, 0.269888, 6.38306)
deliver_code = "00063"

[node name="pobedi_2" parent="Levels/streets" instance=ExtResource("11_cxx1a")]
transform = Transform3D(-0.258819, 0, -0.965926, 0, 1, 0, 0.965926, 0, -0.258819, 1042.22, 1.90735e-06, 1007.61)

[node name="package_box_receiver" parent="Levels/streets/pobedi_2" instance=ExtResource("13_5msbq")]
transform = Transform3D(-7.45058e-08, 0, -1, 0, 1, 0, 1, 0, -7.45058e-08, -5.30151, 0.275626, 2.49475)
deliver_code = "00064"

[node name="package_letter_receiver" parent="Levels/streets/pobedi_2" instance=ExtResource("12_1elkd")]
transform = Transform3D(-7.45058e-08, 0, -1, 0, 1, 0, 1, 0, -7.45058e-08, -5.17261, 2.79797, 1.38417)
deliver_code = "00064"

[node name="84" parent="Levels/streets" instance=ExtResource("8_7t2yj")]
transform = Transform3D(-1.04308e-07, 0, -1, 0, 1, 0, 1, 0, -1.04308e-07, 1364.41, 0, 951.528)

[node name="tihiy_1" parent="Levels/streets" instance=ExtResource("11_cxx1a")]
