[gd_scene load_steps=72 format=3 uid="uid://c66dar30xo83l"]

[ext_resource type="Script" path="res://scenes/world/World.gd" id="1_xxt06"]
[ext_resource type="PackedScene" uid="uid://b6xb3m0mq55td" path="res://objects/ENVIRONMENT/ENV.tscn" id="3_7t5e4"]
[ext_resource type="Terrain3DStorage" uid="uid://dnhs27dsadplu" path="res://scenes/world/world_data/terrain_storage.res" id="3_gvvxl"]
[ext_resource type="Terrain3DMaterial" uid="uid://cde8a6xoleq2s" path="res://scenes/world/world_data/terrain_material.res" id="4_eae2c"]
[ext_resource type="PackedScene" uid="uid://cc1m2a1obsyn4" path="res://objects/player/player.tscn" id="5_6o1kf"]
[ext_resource type="Terrain3DTextureList" uid="uid://c8pa5ggksl8p4" path="res://scenes/world/world_data/terrain_tex_list.res" id="5_ekkgx"]
[ext_resource type="PackedScene" uid="uid://cjsj70ofmvnx2" path="res://objects/builds/roads/road.tscn" id="6_j5vhd"]
[ext_resource type="PackedScene" uid="uid://bskp62bdkhqpp" path="res://objects/builds/street_lamp/street_lamp.tscn" id="7_6dfov"]
[ext_resource type="PackedScene" uid="uid://dkfbfrrjn8o18" path="res://objects/builds/HOUSES/house_5/house_5.tscn" id="7_t74fg"]
[ext_resource type="PackedScene" uid="uid://jxlhyaaw08ri" path="res://objects/builds/HOUSES/house_2/house_2.tscn" id="8_7t2yj"]
[ext_resource type="PackedScene" uid="uid://c4uetwurks8ly" path="res://objects/builds/HOUSES/house_1/house_1.tscn" id="10_qyej0"]
[ext_resource type="PackedScene" uid="uid://cmorp412pryek" path="res://objects/builds/HOUSES/house_3/house_3.tscn" id="11_4a5py"]
[ext_resource type="PackedScene" uid="uid://dp80ffcw30b84" path="res://objects/builds/HOUSES/house_6/house_6.tscn" id="11_cxx1a"]
[ext_resource type="PackedScene" uid="uid://dkj4ku0wve5y6" path="res://objects/PROPS/package_letter_receiver/package_letter_receiver.tscn" id="12_1elkd"]
[ext_resource type="PackedScene" uid="uid://btwke8875ebcq" path="res://objects/builds/HOUSES/house_4/house_4.tscn" id="12_2pvwt"]
[ext_resource type="Shader" path="res://shaders/lake_water.gdshader" id="12_jiaus"]
[ext_resource type="PackedScene" uid="uid://d3k3mjiras3di" path="res://objects/PROPS/package_box_receiver/package_box_receiver.tscn" id="13_5msbq"]
[ext_resource type="PackedScene" uid="uid://mmnbj1v5yjkb" path="res://objects/builds/school/school.tscn" id="14_6dguf"]
[ext_resource type="PackedScene" uid="uid://cj1ydvi2t3bot" path="res://objects/builds/post_office_build/post_office_build.tscn" id="15_hcqwq"]
[ext_resource type="PackedScene" uid="uid://c6776lt6vo53g" path="res://objects/builds/hospital/hospital.tscn" id="16_st33v"]
[ext_resource type="Script" path="res://addons/proton_scatter/src/scatter.gd" id="17_0tutk"]
[ext_resource type="Script" path="res://addons/proton_scatter/src/stack/modifier_stack.gd" id="18_1fwha"]
[ext_resource type="Script" path="res://addons/proton_scatter/src/modifiers/create_inside_random.gd" id="19_6qlp7"]
[ext_resource type="Script" path="res://addons/proton_scatter/src/modifiers/randomize_transforms.gd" id="20_xv4po"]
[ext_resource type="Script" path="res://addons/proton_scatter/src/modifiers/relax.gd" id="21_ai286"]
[ext_resource type="PackedScene" uid="uid://bqakwjktvavp5" path="res://objects/builds/factory/factory.tscn" id="21_h3s7q"]
[ext_resource type="Script" path="res://addons/proton_scatter/src/modifiers/project_on_geometry.gd" id="22_k8kdo"]
[ext_resource type="PackedScene" uid="uid://dykx8t3kgk81m" path="res://objects/builds/water_tower/water_tower.tscn" id="22_umta2"]
[ext_resource type="PackedScene" uid="uid://buo5wtbbijrhs" path="res://objects/urban_elements/griffin_statue/griffin_statue.tscn" id="22_wb4fs"]
[ext_resource type="Script" path="res://addons/proton_scatter/src/scatter_item.gd" id="23_kpixf"]
[ext_resource type="MeshLibrary" uid="uid://dowyw55vhv8j7" path="res://resources/mesh_libs/prop_builds.meshlib" id="23_q1m3v"]
[ext_resource type="Script" path="res://addons/proton_scatter/src/scatter_shape.gd" id="24_g5fqv"]
[ext_resource type="Script" path="res://addons/proton_scatter/src/shapes/path_shape.gd" id="25_4ndlv"]
[ext_resource type="PackedScene" uid="uid://b2dspemfb0g23" path="res://objects/MOBS/ufo/ufo.tscn" id="27_mbv02"]
[ext_resource type="PackedScene" uid="uid://cpat5kv2ue7yo" path="res://objects/TRANSPORT/truck/truck.tscn" id="27_vrtll"]
[ext_resource type="MeshLibrary" uid="uid://cc4o7n1xlohu" path="res://resources/mesh_libs/nature_meshlib.meshlib" id="32_n7ywf"]
[ext_resource type="PackedScene" uid="uid://d2pxxt0trjk42" path="res://objects/PROPS/oil_barrel/barrel.tscn" id="35_bhpn8"]
[ext_resource type="PackedScene" uid="uid://cow7imj1k0b0w" path="res://objects/PROPS/mine/mine.tscn" id="36_8jew2"]
[ext_resource type="PackedScene" uid="uid://bfrej20pfi3lj" path="res://objects/SOUND_ZONES/ZONE_FOREST/ZONE_FOREST.tscn" id="36_uq1yy"]
[ext_resource type="PackedScene" uid="uid://bmkhu84ik76nl" path="res://objects/SOUND_ZONES/ZONE_CRICKETS/ZONE_CRICKETS.tscn" id="37_pwyfn"]
[ext_resource type="PackedScene" uid="uid://cmnf52pg6wgif" path="res://objects/urban_elements/mine_sign/mine_sign.tscn" id="37_sekee"]
[ext_resource type="PackedScene" uid="uid://bqkmogmsrvqdr" path="res://objects/MOBS/ghost_girl/ghost_girl.tscn" id="37_wavva"]
[ext_resource type="PackedScene" uid="uid://ckml344muac8j" path="res://objects/builds/gas_station/gas_station.tscn" id="38_b6cnr"]
[ext_resource type="PackedScene" uid="uid://chspevxyt4l2o" path="res://objects/ENVIRONMENT/world_limiter/world_limiter.tscn" id="38_wj0qi"]
[ext_resource type="PackedScene" uid="uid://db81c78wncwvi" path="res://objects/urban_elements/chair_long/chair_long.tscn" id="40_7em4s"]
[ext_resource type="PackedScene" uid="uid://cfw050vcnfw5o" path="res://objects/MOBS/bird/bird.tscn" id="41_myaqo"]
[ext_resource type="PackedScene" uid="uid://dk7h0364v60bg" path="res://objects/MOBS/ufo_giant/ufo_giant.tscn" id="44_cxhy8"]
[ext_resource type="PackedScene" uid="uid://d10v00jrnljvf" path="res://objects/ENVIRONMENT/WEATHERS/weather_rainy.tscn" id="45_nnt07"]
[ext_resource type="PackedScene" uid="uid://dit3ypm30lxlf" path="res://objects/TRANSPORT/racecar/racecar.tscn" id="46_tlmci"]

[sub_resource type="FastNoiseLite" id="FastNoiseLite_1gdrn"]
noise_type = 3

[sub_resource type="NoiseTexture2D" id="NoiseTexture2D_hemwg"]
width = 256
height = 256
seamless = true
as_normal_map = true
noise = SubResource("FastNoiseLite_1gdrn")

[sub_resource type="FastNoiseLite" id="FastNoiseLite_qqcrm"]
fractal_octaves = 1

[sub_resource type="NoiseTexture2D" id="NoiseTexture2D_npkdg"]
seamless = true
as_normal_map = true
noise = SubResource("FastNoiseLite_qqcrm")

[sub_resource type="FastNoiseLite" id="FastNoiseLite_kt21m"]
frequency = 0.0002

[sub_resource type="NoiseTexture2D" id="NoiseTexture2D_nv46i"]
seamless = true
noise = SubResource("FastNoiseLite_kt21m")

[sub_resource type="ShaderMaterial" id="ShaderMaterial_divvh"]
render_priority = 0
shader = ExtResource("12_jiaus")
shader_parameter/albedo = Color(0.00392157, 0, 0.462745, 1)
shader_parameter/albedo2 = Color(0.631373, 0.556863, 0.803922, 1)
shader_parameter/metallic = 0.0
shader_parameter/roughness = 0.031
shader_parameter/wave_direction = Vector2(2, 0)
shader_parameter/wave_direction2 = Vector2(0, 1)
shader_parameter/time_scale = 0.025
shader_parameter/noise_scale = 10.0
shader_parameter/height_scale = 0.15
shader_parameter/color_deep = Color(0, 0, 0, 1)
shader_parameter/color_shallow = null
shader_parameter/beers_law = 2.0
shader_parameter/depth_offset = -0.75
shader_parameter/edge_scale = 0.1
shader_parameter/near = 1.0
shader_parameter/far = 100.0
shader_parameter/edge_color = Color(0.811765, 0.811765, 0.811765, 1)
shader_parameter/wave = SubResource("NoiseTexture2D_nv46i")
shader_parameter/texture_normal = SubResource("NoiseTexture2D_hemwg")
shader_parameter/texture_normal2 = SubResource("NoiseTexture2D_npkdg")

[sub_resource type="PlaneMesh" id="PlaneMesh_gc26u"]
material = SubResource("ShaderMaterial_divvh")
size = Vector2(2000, 600)

[sub_resource type="Resource" id="Resource_by87u"]
script = ExtResource("19_6qlp7")
amount = 500
enabled = true
override_global_seed = false
custom_seed = 0
restrict_height = true
reference_frame = 1

[sub_resource type="Resource" id="Resource_u2vbx"]
script = ExtResource("20_xv4po")
position = Vector3(0.15, 0.15, 0.15)
rotation = Vector3(0, 360, 0)
scale = Vector3(0.1, 0.5, 0.1)
enabled = true
override_global_seed = false
custom_seed = 0
restrict_height = false
reference_frame = 2

[sub_resource type="Resource" id="Resource_aw6ed"]
script = ExtResource("21_ai286")
iterations = 3
offset_step = 0.2
consecutive_step_multiplier = 0.75
use_computeshader = true
enabled = true
override_global_seed = false
custom_seed = 0
restrict_height = true
reference_frame = 0

[sub_resource type="Resource" id="Resource_1q4mp"]
script = ExtResource("22_k8kdo")
ray_direction = Vector3(0, -1, 0)
ray_length = 5.0
ray_offset = 5.0
remove_points_on_miss = false
align_with_collision_normal = false
max_slope = 90.0
collision_mask = 1
exclude_mask = 0
enabled = true
override_global_seed = false
custom_seed = 0
restrict_height = false
reference_frame = 0

[sub_resource type="Resource" id="Resource_704mt"]
script = ExtResource("18_1fwha")
stack = Array[Resource("res://addons/proton_scatter/src/modifiers/base_modifier.gd")]([SubResource("Resource_by87u"), SubResource("Resource_u2vbx"), SubResource("Resource_aw6ed"), SubResource("Resource_1q4mp")])

[sub_resource type="Curve3D" id="Curve3D_2u2vc"]
_data = {
"points": PackedVector3Array(0, 0, 0, 0, 0, 0, -0.729141, 0, 1554.43, 0, 0, 0, 0, 0, 0, 214.226, 0, 1346.41, 0, 0, 0, 0, 0, 0, 235.028, 0, 923.429, 0, 0, 0, 0, 0, 0, 135.64, 0, 787.06, 0, 0, 0, 0, 0, 0, 315.926, 0, 599.841, 0, 0, 0, 0, 0, 0, 433.804, 0, 387.197, 0, 0, 0, 0, 0, 0, 334.416, 0, 220.779, 0, 0, 0, 0, 0, 0, 831.356, 0, 324.79, 0, 0, 0, 0, 0, 0, 1138.77, 0, 167.618, 0, 0, 0, 0, 0, 0, 1397.64, 0, 218.468, 0, 0, 0, 0, 0, 0, 1679.62, 0, 255.45, 0, 0, 0, 0, 0, 0, 1760.52, 0, 562.859, 0, 0, 0, 0, 0, 0, 1797.5, 0, 934.986, 0, 0, 0, 0, 0, 0, 1896.89, 0, 1078.29, 0, 0, 0, 0, 0, 0, 2042.5, 0, 1057.49, 0, 0, 0, 0, 0, 0, 2044.81, 0, 22.0034, 0, 0, 0, 0, 0, 0, -7.66327, 0, 10.4467),
"tilts": PackedFloat32Array(0, 0, 0, 0, 0, 0, 0, 0, 0, 0, 0, 0, 0, 0, 0, 0, 0)
}
point_count = 17

[sub_resource type="Resource" id="Resource_e18i2"]
script = ExtResource("25_4ndlv")
closed = true
thickness = 0.0
curve = SubResource("Curve3D_2u2vc")

[sub_resource type="Resource" id="Resource_o7khf"]
script = ExtResource("19_6qlp7")
amount = 2000
enabled = true
override_global_seed = false
custom_seed = 0
restrict_height = true
reference_frame = 1

[sub_resource type="Resource" id="Resource_2mtwt"]
script = ExtResource("20_xv4po")
position = Vector3(0.15, 0.15, 0.15)
rotation = Vector3(1, 360, 1)
scale = Vector3(0.1, 1, 0.1)
enabled = true
override_global_seed = false
custom_seed = 0
restrict_height = false
reference_frame = 2

[sub_resource type="Resource" id="Resource_05yh6"]
script = ExtResource("21_ai286")
iterations = 1
offset_step = 0.1
consecutive_step_multiplier = 1.0
use_computeshader = true
enabled = true
override_global_seed = false
custom_seed = 0
restrict_height = true
reference_frame = 0

[sub_resource type="Resource" id="Resource_vkroh"]
script = ExtResource("22_k8kdo")
ray_direction = Vector3(0, -1, 0)
ray_length = 5.0
ray_offset = 5.0
remove_points_on_miss = false
align_with_collision_normal = false
max_slope = 90.0
collision_mask = 1
exclude_mask = 0
enabled = true
override_global_seed = false
custom_seed = 0
restrict_height = false
reference_frame = 0

[sub_resource type="Resource" id="Resource_3h1cs"]
script = ExtResource("18_1fwha")
stack = Array[Resource("res://addons/proton_scatter/src/modifiers/base_modifier.gd")]([SubResource("Resource_o7khf"), SubResource("Resource_2mtwt"), SubResource("Resource_05yh6"), SubResource("Resource_vkroh")])

[sub_resource type="Curve3D" id="Curve3D_b4q5a"]
_data = {
"points": PackedVector3Array(0, 0, 0, 0, 0, 0, -49.6322, 0, 136.373, 0, 0, 0, 0, 0, 0, -105.641, 0, 118.828, 0, 0, 0, 0, 0, 0, -155.576, 0, 109.381, 0, 0, 0, 0, 0, 0, -246.887, 0, 121.704, 0, 0, 0, 0, 0, 0, -302.782, 0, 148.832, 0, 0, 0, 0, 0, 0, -407.376, 0, 173.125, 0, 0, 0, 0, 0, 0, -557.799, 0, 190.664, 0, 0, 0, 0, 0, 0, -689.604, 0, 196.228, 0, 0, 0, 0, 0, 0, -791.499, 0, 210.399, 0, 0, 0, 0, 0, 0, -923.086, 0, 211.748, 0, 0, 0, 0, 0, 0, -1023.01, 0, 207.789, 0, 0, 0, 0, 0, 0, -1142.45, 0, 205.765, 0, 0, 0, 0, 0, 0, -1269.98, 0, 201.716, 0, 0, 0, 0, 0, 0, -1406.97, 0, 202.391, 0, 0, 0, 0, 0, 0, -1493.18, 0, 211.235, 0, 0, 0, 0, 0, 0, -1570.79, 0, 246.325, 0, 0, 0, 0, 0, 0, -1618.02, 0, 280.065, 0, 0, 0, 0, 0, 0, -1706.42, 0, 276.691, 0, 0, 0, 0, 0, 0, -1808.99, 0, 324.602, 0, 0, 0, 0, 0, 0, -1863.02, 0, 415.622, 0, 0, 0, 0, 0, 0, -1866.39, 0, 483.102, 0, 0, 0, 0, 0, 0, -1844.12, 0, 547.208, 0, 0, 0, 0, 0, 0, -1798.24, 0, 599.168, 0, 0, 0, 0, 0, 0, -1823.2, 0, 614.013, 0, 0, 0, 0, 0, 0, -1867.07, 0, 562.054, 0, 0, 0, 0, 0, 0, -1890.01, 0, 490.525, 0, 0, 0, 0, 0, 0, -1879.89, 0, 412.248, 0, 0, 0, 0, 0, 0, -1822.5, 0, 312.818, 0, 0, 0, 0, 0, 0, -1713.33, 0, 252.444, 0, 0, 0, 0, 0, 0, -1620.89, 0, 255.143, 0, 0, 0, 0, 0, 0, -1549.36, 0, 202.508, 0, 0, 0, 0, 0, 0, -1405.94, 0, 184.215, 0, 0, 0, 0, 0, 0, -1266.18, 0, 179.592, 0, 0, 0, 0, 0, 0, -1138.64, 0, 187.69, 0, 0, 0, 0, 0, 0, -981.416, 0, 187.015, 0, 0, 0, 0, 0, 0, -770.056, 0, 181.542, 0, 0, 0, 0, 0, 0, -581.786, 0, 168.046, 0, 0, 0, 0, 0, 0, -393.857, 0, 135.855, 0, 0, 0, 0, 0, 0, -235.278, 0, 96.7166, 0, 0, 0, 0, 0, 0, -78.7241, 0, 83.8953),
"tilts": PackedFloat32Array(0, 0, 0, 0, 0, 0, 0, 0, 0, 0, 0, 0, 0, 0, 0, 0, 0, 0, 0, 0, 0, 0, 0, 0, 0, 0, 0, 0, 0, 0, 0, 0, 0, 0, 0, 0, 0, 0, 0, 0)
}
point_count = 40

[sub_resource type="Resource" id="Resource_o2ocv"]
script = ExtResource("25_4ndlv")
closed = true
thickness = 0.0
curve = SubResource("Curve3D_b4q5a")

[node name="World" type="Node"]
script = ExtResource("1_xxt06")

[node name="SERVERS" type="Node" parent="."]

[node name="timer_daycycle" type="Timer" parent="SERVERS"]
autostart = true

[node name="WorldEnv" type="Node" parent="."]

[node name="ENV" parent="WorldEnv" instance=ExtResource("3_7t5e4")]

[node name="Levels" type="Node" parent="."]

[node name="terrain" type="Node" parent="Levels"]

[node name="Terrain3D" type="Terrain3D" parent="Levels/terrain"]
storage = ExtResource("3_gvvxl")
material = ExtResource("4_eae2c")
texture_list = ExtResource("5_ekkgx")

[node name="road" type="Node" parent="Levels"]

[node name="road" parent="Levels/road" instance=ExtResource("6_j5vhd")]
transform = Transform3D(1, 0, 0, 0, 1, 0, 0, 0, 1, 964.54, 0, 1047.9)

[node name="lampposts" type="Node" parent="Levels/road"]

[node name="lamppost" parent="Levels/road/lampposts" instance=ExtResource("7_6dfov")]
transform = Transform3D(0.982238, 0, 0.187638, 0, 1, 0, -0.187638, 0, 0.982238, 2028, 0, 1121.15)

[node name="lamppost2" parent="Levels/road/lampposts" instance=ExtResource("7_6dfov")]
transform = Transform3D(-0.968791, 0, -0.247878, 0, 1, 0, 0.247878, 0, -0.968791, 2013.03, 0, 1140.15)

[node name="lamppost3" parent="Levels/road/lampposts" instance=ExtResource("7_6dfov")]
transform = Transform3D(0.868632, 0, 0.495459, 0, 1, 0, -0.495459, 0, 0.868632, 1977.13, 0, 1138.95)

[node name="lamppost4" parent="Levels/road/lampposts" instance=ExtResource("7_6dfov")]
transform = Transform3D(-0.881254, 0, -0.472643, 0, 1, 0, 0.472643, 0, -0.881254, 1956.32, 0, 1167.42)

[node name="lamppost5" parent="Levels/road/lampposts" instance=ExtResource("7_6dfov")]
transform = Transform3D(0.84863, 0, 0.528986, 0, 1, 0, -0.528986, 0, 0.84863, 1910.82, 0, 1175.29)

[node name="lamppost6" parent="Levels/road/lampposts" instance=ExtResource("7_6dfov")]
transform = Transform3D(-0.932002, 0, -0.362454, 0, 1, 0, 0.362454, 0, -0.932002, 1878.39, 0, 1208.49)

[node name="lamppost7" parent="Levels/road/lampposts" instance=ExtResource("7_6dfov")]
transform = Transform3D(0.938554, 0, 0.345134, 0, 1, 0, -0.345134, 0, 0.938554, 1821.58, 0, 1212.66)

[node name="lamppost8" parent="Levels/road/lampposts" instance=ExtResource("7_6dfov")]
transform = Transform3D(-0.997956, 0, 0.0639053, 0, 1, 0, -0.0639053, 0, -0.997956, 1773.6, 0, 1234.55)

[node name="lamppost9" parent="Levels/road/lampposts" instance=ExtResource("7_6dfov")]
transform = Transform3D(0.953001, 0, -0.302969, 0, 1, 0, 0.302969, 0, 0.953001, 1712.32, 0, 1210.03)

[node name="lamppost10" parent="Levels/road/lampposts" instance=ExtResource("7_6dfov")]
transform = Transform3D(-0.981607, 0, 0.190912, 0, 1, 0, -0.190912, 0, -0.981607, 1646.22, 0, 1208.83)

[node name="lamppost11" parent="Levels/road/lampposts" instance=ExtResource("7_6dfov")]
transform = Transform3D(0.996554, 0, 0.0829476, 0, 1, 0, -0.0829476, 0, 0.996554, 1564.93, 0, 1189.87)

[node name="lamppost12" parent="Levels/road/lampposts" instance=ExtResource("7_6dfov")]
transform = Transform3D(-0.940916, 0, -0.33864, 0, 1, 0, 0.33864, 0, -0.940916, 1510.4, 0, 1222.65)

[node name="lamppost13" parent="Levels/road/lampposts" instance=ExtResource("7_6dfov")]
transform = Transform3D(-0.940916, 0, -0.33864, 0, 1, 0, 0.33864, 0, -0.940916, 1449.67, 0, 1249.25)

[node name="lamppost14" parent="Levels/road/lampposts" instance=ExtResource("7_6dfov")]
transform = Transform3D(0.818331, 0, -0.574748, 0, 1, 0, 0.574748, 0, 0.818331, 1374.88, 0, 1255.79)

[node name="lamppost15" parent="Levels/road/lampposts" instance=ExtResource("7_6dfov")]
transform = Transform3D(-0.78496, 0, -0.619546, 0, 1, 0, 0.619546, 0, -0.78496, 1319.42, 0, 1279.78)

[node name="lamppost16" parent="Levels/road/lampposts" instance=ExtResource("7_6dfov")]
transform = Transform3D(-0.999353, 0, 0.0359634, 0, 1, 0, -0.0359634, 0, -0.999353, 1255.62, 0, 1276.75)

[node name="lamppost17" parent="Levels/road/lampposts" instance=ExtResource("7_6dfov")]
transform = Transform3D(0.928122, 0, -0.372275, 0, 1, 0, 0.372275, 0, 0.928122, 1194.62, 0, 1241.71)

[node name="lamppost18" parent="Levels/road/lampposts" instance=ExtResource("7_6dfov")]
transform = Transform3D(0.959447, 0, 0.281889, 0, 1, 0, -0.281889, 0, 0.959447, 1137.57, 0, 1212.49)

[node name="lamppost19" parent="Levels/road/lampposts" instance=ExtResource("7_6dfov")]
transform = Transform3D(-0.968653, 0, -0.248419, 0, 1, 0, 0.248419, 0, -0.968653, 1046.53, 0, 1173.47)

[node name="lamppost20" parent="Levels/road/lampposts" instance=ExtResource("7_6dfov")]
transform = Transform3D(-0.847872, 0, 0.530201, 0, 1, 0, -0.530201, 0, -0.847872, 976.128, 0, 1123.33)

[node name="lamppost21" parent="Levels/road/lampposts" instance=ExtResource("7_6dfov")]
transform = Transform3D(0.592758, 0, -0.80538, 0, 1, 0, 0.80538, 0, 0.592758, 911.497, 0, 1058.86)

[node name="lamppost99" parent="Levels/road/lampposts" instance=ExtResource("7_6dfov")]
transform = Transform3D(-0.150346, 0, -0.988633, 0, 1, 0, 0.988633, 0, -0.150346, 916.62, 2.38419e-06, 1201.9)

[node name="lamppost100" parent="Levels/road/lampposts" instance=ExtResource("7_6dfov")]
transform = Transform3D(0.100709, 0, -0.994916, 0, 1, 0, 0.994916, 0, 0.100709, 916.777, 4.29153e-06, 1135.48)

[node name="lamppost22" parent="Levels/road/lampposts" instance=ExtResource("7_6dfov")]
transform = Transform3D(0.148724, 0, -0.988879, 0, 1, 0, 0.988879, 0, 0.148724, 849.002, 0, 1021.15)

[node name="lamppost23" parent="Levels/road/lampposts" instance=ExtResource("7_6dfov")]
transform = Transform3D(0.378584, 0, -0.925567, 0, 1, 0, 0.925567, 0, 0.378584, 771.227, 0, 990.895)

[node name="lamppost24" parent="Levels/road/lampposts" instance=ExtResource("7_6dfov")]
transform = Transform3D(0.744952, 0, 0.667118, 0, 1, 0, -0.667118, 0, 0.744952, 706.065, 0, 986.83)

[node name="lamppost25" parent="Levels/road/lampposts" instance=ExtResource("7_6dfov")]
transform = Transform3D(0.680056, 0, 0.73316, 0, 1, 0, -0.73316, 0, 0.680056, 649.695, 0, 997.741)

[node name="lamppost26" parent="Levels/road/lampposts" instance=ExtResource("7_6dfov")]
transform = Transform3D(-0.412151, 0, -0.911116, 0, 1, 0, 0.911116, 0, -0.412151, 554.83, 0, 1047.52)

[node name="lamppost27" parent="Levels/road/lampposts" instance=ExtResource("7_6dfov")]
transform = Transform3D(-0.162775, 0, 0.986663, 0, 1, 0, -0.986663, 0, -0.162775, 524.777, 0, 992.19)

[node name="lamppost28" parent="Levels/road/lampposts" instance=ExtResource("7_6dfov")]
transform = Transform3D(0.245392, 0, -0.969424, 0, 1, 0, 0.969424, 0, 0.245392, 514.47, 0, 903.948)

[node name="lamppost29" parent="Levels/road/lampposts" instance=ExtResource("7_6dfov")]
transform = Transform3D(-0.99814, 0, -0.0609615, 0, 1, 0, 0.0609615, 0, -0.99814, 368.877, 0, 879.643)

[node name="lamppost30" parent="Levels/road/lampposts" instance=ExtResource("7_6dfov")]
transform = Transform3D(0.991558, 0, 0.129661, 0, 1, 0, -0.129661, 0, 0.991558, 479.337, 0, 858.884)

[node name="lamppost31" parent="Levels/road/lampposts" instance=ExtResource("7_6dfov")]
transform = Transform3D(-0.979088, 0, -0.203437, 0, 1, 0, 0.203437, 0, -0.979088, 587.866, 0, 853.623)

[node name="lamppost32" parent="Levels/road/lampposts" instance=ExtResource("7_6dfov")]
transform = Transform3D(-0.994911, 0, -0.100761, 0, 1, 0, 0.100761, 0, -0.994911, 671.785, 0, 848.151)

[node name="lamppost33" parent="Levels/road/lampposts" instance=ExtResource("7_6dfov")]
transform = Transform3D(-0.999773, 0, 0.0212912, 0, 1, 0, -0.0212912, 0, -0.999773, 753.258, 0, 856.633)

[node name="lamppost34" parent="Levels/road/lampposts" instance=ExtResource("7_6dfov")]
transform = Transform3D(-0.362698, 0, 0.931907, 0, 1, 0, -0.931907, 0, -0.362698, 868.992, 0, 882.567)

[node name="lamppost35" parent="Levels/road/lampposts" instance=ExtResource("7_6dfov")]
transform = Transform3D(-0.362698, 0, 0.931907, 0, 1, 0, -0.931907, 0, -0.362698, 912.039, 0, 722.321)

[node name="lamppost36" parent="Levels/road/lampposts" instance=ExtResource("7_6dfov")]
transform = Transform3D(-0.25499, 0, -0.966944, 0, 1, 0, 0.966944, 0, -0.25499, 910.779, 0, 804.321)

[node name="lamppost37" parent="Levels/road/lampposts" instance=ExtResource("7_6dfov")]
transform = Transform3D(-0.25499, 0, -0.966944, 0, 1, 0, 0.966944, 0, -0.25499, 960.853, 0, 596.744)

[node name="lamppost38" parent="Levels/road/lampposts" instance=ExtResource("7_6dfov")]
transform = Transform3D(0.196117, 0, 0.980581, 0, 1, 0, -0.980581, 0, 0.196117, 981.273, 0, 441.982)

[node name="lamppost39" parent="Levels/road/lampposts" instance=ExtResource("7_6dfov")]
transform = Transform3D(-0.326112, 0, -0.945331, 0, 1, 0, 0.945331, 0, -0.326112, 1024.03, 0, 334.689)

[node name="lamppost40" parent="Levels/road/lampposts" instance=ExtResource("7_6dfov")]
transform = Transform3D(-0.598926, 0, 0.800804, 0, 1, 0, -0.800804, 0, -0.598926, 789.494, 0, 676.94)

[node name="lamppost41" parent="Levels/road/lampposts" instance=ExtResource("7_6dfov")]
transform = Transform3D(-0.598926, 0, 0.800804, 0, 1, 0, -0.800804, 0, -0.598926, 724.07, 0, 657.356)

[node name="lamppost42" parent="Levels/road/lampposts" instance=ExtResource("7_6dfov")]
transform = Transform3D(0.426063, 0, 0.904693, 0, 1, 0, -0.904693, 0, 0.426063, 637.944, 0, 621.611)

[node name="lamppost43" parent="Levels/road/lampposts" instance=ExtResource("7_6dfov")]
transform = Transform3D(-0.18889, 0, -0.981998, 0, 1, 0, 0.981998, 0, -0.18889, 753.022, 0, 553.907)

[node name="lamppost44" parent="Levels/road/lampposts" instance=ExtResource("7_6dfov")]
transform = Transform3D(-0.18889, 0, -0.981998, 0, 1, 0, 0.981998, 0, -0.18889, 826.357, 0, 513.925)

[node name="lamppost45" parent="Levels/road/lampposts" instance=ExtResource("7_6dfov")]
transform = Transform3D(-0.269844, 0, -0.962904, 0, 1, 0, 0.962904, 0, -0.269844, 908.412, 0, 513.925)

[node name="lamppost46" parent="Levels/road/lampposts" instance=ExtResource("7_6dfov")]
transform = Transform3D(-0.0559784, 0, 0.998432, 0, 1, 0, -0.998432, 0, -0.0559784, 866.453, 0, 650.925)

[node name="lamppost47" parent="Levels/road/lampposts" instance=ExtResource("7_6dfov")]
transform = Transform3D(0.343332, 0, 0.939214, 0, 1, 0, -0.939214, 0, 0.343332, 929.933, 0, 922.427)

[node name="lamppost48" parent="Levels/road/lampposts" instance=ExtResource("7_6dfov")]
transform = Transform3D(0.775727, 0, 0.631069, 0, 1, 0, -0.631069, 0, 0.775727, 969.704, 0, 786.713)

[node name="lamppost49" parent="Levels/road/lampposts" instance=ExtResource("7_6dfov")]
transform = Transform3D(0.95308, 0, -0.302719, 0, 1, 0, 0.302719, 0, 0.95308, 1034.2, 0, 977.969)

[node name="lamppost50" parent="Levels/road/lampposts" instance=ExtResource("7_6dfov")]
transform = Transform3D(0.983099, 0, -0.183076, 0, 1, 0, 0.183076, 0, 0.983099, 1129.26, 0, 999.081)

[node name="lamppost51" parent="Levels/road/lampposts" instance=ExtResource("7_6dfov")]
transform = Transform3D(0.529623, 0, 0.848233, 0, 1, 0, -0.848233, 0, 0.529623, 1109.64, 0, 848.676)

[node name="lamppost52" parent="Levels/road/lampposts" instance=ExtResource("7_6dfov")]
transform = Transform3D(-0.135473, 0, -0.990781, 0, 1, 0, 0.990781, 0, -0.135473, 1199.13, 0, 848.676)

[node name="lamppost53" parent="Levels/road/lampposts" instance=ExtResource("7_6dfov")]
transform = Transform3D(0.178236, 0, 0.983988, 0, 1, 0, -0.983988, 0, 0.178236, 1201.18, 0, 699.924)

[node name="lamppost54" parent="Levels/road/lampposts" instance=ExtResource("7_6dfov")]
transform = Transform3D(-0.550189, 0, 0.83504, 0, 1, 0, -0.83504, 0, -0.550189, 1253.34, 0, 1056.34)

[node name="lamppost55" parent="Levels/road/lampposts" instance=ExtResource("7_6dfov")]
transform = Transform3D(0.506651, 0, -0.862151, 0, 1, 0, 0.862151, 0, 0.506651, 1337.15, 0, 1056.34)

[node name="lamppost56" parent="Levels/road/lampposts" instance=ExtResource("7_6dfov")]
transform = Transform3D(0.577373, 0, -0.81648, 0, 1, 0, 0.81648, 0, 0.577373, 1379.33, 0, 1143.86)

[node name="lamppost57" parent="Levels/road/lampposts" instance=ExtResource("7_6dfov")]
transform = Transform3D(-0.962436, 0, -0.271508, 0, 1, 0, 0.271508, 0, -0.962436, 1517.15, 0, 1132.1)

[node name="lamppost58" parent="Levels/road/lampposts" instance=ExtResource("7_6dfov")]
transform = Transform3D(-0.806837, 0, 0.590775, 0, 1, 0, -0.590775, 0, -0.806837, 1682.4, 0, 1109.89)

[node name="lamppost59" parent="Levels/road/lampposts" instance=ExtResource("7_6dfov")]
transform = Transform3D(-0.0677716, 0, -0.997701, 0, 1, 0, 0.997701, 0, -0.0677716, 1669.46, 0, 1386.78)

[node name="lamppost60" parent="Levels/road/lampposts" instance=ExtResource("7_6dfov")]
transform = Transform3D(-0.0134736, 0, 0.999909, 0, 1, 0, -0.999909, 0, -0.0134736, 1659.09, 0, 1301.68)

[node name="lamppost61" parent="Levels/road/lampposts" instance=ExtResource("7_6dfov")]
transform = Transform3D(-0.0134736, 0, 0.999909, 0, 1, 0, -0.999909, 0, -0.0134736, 1533.85, 0, 1320.72)

[node name="lamppost62" parent="Levels/road/lampposts" instance=ExtResource("7_6dfov")]
transform = Transform3D(0.169177, 0, 0.985586, 0, 1, 0, -0.985586, 0, 0.169177, 1492.31, 0, 1278.84)

[node name="lamppost63" parent="Levels/road/lampposts" instance=ExtResource("7_6dfov")]
transform = Transform3D(-0.0544448, 0, -0.998517, 0, 1, 0, 0.998517, 0, -0.0544448, 1491.71, 0, 1382.79)

[node name="lamppost64" parent="Levels/road/lampposts" instance=ExtResource("7_6dfov")]
transform = Transform3D(0.142905, 0, 0.989736, 0, 1, 0, -0.989736, 0, 0.142905, 1495.63, 0, 1529.18)

[node name="lamppost65" parent="Levels/road/lampposts" instance=ExtResource("7_6dfov")]
transform = Transform3D(-0.986615, 0, 0.163068, 0, 1, 0, -0.163068, 0, -0.986615, 1630.42, 0, 1529.18)

[node name="lamppost66" parent="Levels/road/lampposts" instance=ExtResource("7_6dfov")]
transform = Transform3D(0.851361, 0, 0.52458, 0, 1, 0, -0.52458, 0, 0.851361, 1345.42, 0, 1566.22)

[node name="lamppost67" parent="Levels/road/lampposts" instance=ExtResource("7_6dfov")]
transform = Transform3D(-0.959176, 0, -0.28281, 0, 1, 0, 0.28281, 0, -0.959176, 1345.42, 0, 1461.75)

[node name="lamppost68" parent="Levels/road/lampposts" instance=ExtResource("7_6dfov")]
transform = Transform3D(0.591014, 0, -0.806661, 0, 1, 0, 0.806661, 0, 0.591014, 1282.83, 0, 1369.59)

[node name="lamppost69" parent="Levels/road/lampposts" instance=ExtResource("7_6dfov")]
transform = Transform3D(-0.850536, 0, -0.525917, 0, 1, 0, 0.525917, 0, -0.850536, 1157.76, 0, 1395.5)

[node name="lamppost70" parent="Levels/road/lampposts" instance=ExtResource("7_6dfov")]
transform = Transform3D(0.971763, 0, 0.235956, 0, 1, 0, -0.235956, 0, 0.971763, 969.761, 0, 1462.65)

[node name="lamppost71" parent="Levels/road/lampposts" instance=ExtResource("7_6dfov")]
transform = Transform3D(-0.964234, 0, -0.265051, 0, 1, 0, 0.265051, 0, -0.964234, 1110.78, 0, 1454.29)

[node name="lamppost72" parent="Levels/road/lampposts" instance=ExtResource("7_6dfov")]
transform = Transform3D(0.812022, 0, -0.583626, 0, 1, 0, 0.583626, 0, 0.812022, 1089.4, 0, 1363.29)

[node name="lamppost73" parent="Levels/road/lampposts" instance=ExtResource("7_6dfov")]
transform = Transform3D(-0.958013, 0, 0.286725, 0, 1, 0, -0.286725, 0, -0.958013, 968.606, 0, 1321.97)

[node name="lamppost74" parent="Levels/road/lampposts" instance=ExtResource("7_6dfov")]
transform = Transform3D(0.637061, 0, -0.770814, 0, 1, 0, 0.770814, 0, 0.637061, 912.008, 0, 1290.93)

[node name="lamppost75" parent="Levels/road/lampposts" instance=ExtResource("7_6dfov")]
transform = Transform3D(-0.911576, 0, -0.411133, 0, 1, 0, 0.411133, 0, -0.911576, 748.309, 0, 1297.21)

[node name="lamppost76" parent="Levels/road/lampposts" instance=ExtResource("7_6dfov")]
transform = Transform3D(0.953948, 0, 0.299973, 0, 1, 0, -0.299973, 0, 0.953948, 660.876, 0, 1301.23)

[node name="lamppost77" parent="Levels/road/lampposts" instance=ExtResource("7_6dfov")]
transform = Transform3D(0.948263, 0, 0.317487, 0, 1, 0, -0.317487, 0, 0.948263, 670.92, 0, 1555.64)

[node name="lamppost78" parent="Levels/road/lampposts" instance=ExtResource("7_6dfov")]
transform = Transform3D(0.285839, 0, -0.958278, 0, 1, 0, 0.958278, 0, 0.285839, 679.325, 0, 1424.77)

[node name="lamppost79" parent="Levels/road/lampposts" instance=ExtResource("7_6dfov")]
transform = Transform3D(0.0726636, 0, 0.997357, 0, 1, 0, -0.997357, 0, 0.0726636, 602.325, 0, 1424.77)

[node name="lamppost80" parent="Levels/road/lampposts" instance=ExtResource("7_6dfov")]
transform = Transform3D(0.945006, 0, -0.327053, 0, 1, 0, 0.327053, 0, 0.945006, 530.325, 0, 1533.52)

[node name="lamppost81" parent="Levels/road/lampposts" instance=ExtResource("7_6dfov")]
transform = Transform3D(0.495656, 0, 0.868519, 0, 1, 0, -0.868519, 0, 0.495656, 513.676, 0, 1123.25)

[node name="lamppost82" parent="Levels/road/lampposts" instance=ExtResource("7_6dfov")]
transform = Transform3D(0.21228, 0, -0.977209, 0, 1, 0, 0.977209, 0, 0.21228, 480.022, 0, 1266.7)

[node name="lamppost83" parent="Levels/road/lampposts" instance=ExtResource("7_6dfov")]
transform = Transform3D(0.0276077, 0, 0.999619, 0, 1, 0, -0.999619, 0, 0.0276077, 457.232, 0, 1353.99)

[node name="lamppost84" parent="Levels/road/lampposts" instance=ExtResource("7_6dfov")]
transform = Transform3D(-0.729637, 0, -0.683834, 0, 1, 0, 0.683834, 0, -0.729637, 415.894, 0, 1497.99)

[node name="lamppost85" parent="Levels/road/lampposts" instance=ExtResource("7_6dfov")]
transform = Transform3D(0.813141, 0, 0.582066, 0, 1, 0, -0.582066, 0, 0.813141, 276.772, 0, 1586.3)

[node name="lamppost86" parent="Levels/road/lampposts" instance=ExtResource("7_6dfov")]
transform = Transform3D(0.407231, 0, 0.913325, 0, 1, 0, -0.913325, 0, 0.407231, 226.605, 0, 1605.81)

[node name="lamppost87" parent="Levels/road/lampposts" instance=ExtResource("7_6dfov")]
transform = Transform3D(-0.380635, 0, -0.924726, 0, 1, 0, 0.924726, 0, -0.380635, 197.397, 0, 1718.81)

[node name="lamppost88" parent="Levels/road/lampposts" instance=ExtResource("7_6dfov")]
transform = Transform3D(0.532093, 0, 0.846686, 0, 1, 0, -0.846686, 0, 0.532093, 137.508, 0, 1788.27)

[node name="lamppost89" parent="Levels/road/lampposts" instance=ExtResource("7_6dfov")]
transform = Transform3D(0.408235, 0, 0.912877, 0, 1, 0, -0.912877, 0, 0.408235, 74.786, 0, 1788.27)

[node name="lamppost90" parent="Levels/road/lampposts" instance=ExtResource("7_6dfov")]
transform = Transform3D(-0.196442, 0, -0.980515, 0, 1, 0, 0.980515, 0, -0.196442, 119.543, 0, 1692.98)

[node name="lamppost91" parent="Levels/road/lampposts" instance=ExtResource("7_6dfov")]
transform = Transform3D(-0.939016, 0, 0.343873, 0, 1, 0, -0.343873, 0, -0.939016, 114.498, 0, 1562.82)

[node name="lamppost92" parent="Levels/road/lampposts" instance=ExtResource("7_6dfov")]
transform = Transform3D(-0.9463, 0, -0.32329, 0, 1, 0, 0.32329, 0, -0.9463, 193.356, 0, 1503.26)

[node name="lamppost93" parent="Levels/road/lampposts" instance=ExtResource("7_6dfov")]
transform = Transform3D(0.0848431, 0, 0.996394, 0, 1, 0, -0.996394, 0, 0.0848431, 212.189, 0, 1411.53)

[node name="lamppost94" parent="Levels/road/lampposts" instance=ExtResource("7_6dfov")]
transform = Transform3D(-0.423662, 0, -0.90582, 0, 1, 0, 0.90582, 0, -0.423662, 265.322, 0, 1297.53)

[node name="lamppost95" parent="Levels/road/lampposts" instance=ExtResource("7_6dfov")]
transform = Transform3D(0.27661, 0, 0.960982, 0, 1, 0, -0.960982, 0, 0.27661, 280.996, 0, 1166.53)

[node name="lamppost96" parent="Levels/road/lampposts" instance=ExtResource("7_6dfov")]
transform = Transform3D(-0.845029, 0, -0.534721, 0, 1, 0, 0.534721, 0, -0.845029, 344.088, 0, 1096.43)

[node name="lamppost97" parent="Levels/road/lampposts" instance=ExtResource("7_6dfov")]
transform = Transform3D(0.999763, 0, 0.0217628, 0, 1, 0, -0.0217628, 0, 0.999763, 431.896, 0, 1051.69)

[node name="lamppost98" parent="Levels/road/lampposts" instance=ExtResource("7_6dfov")]
transform = Transform3D(-0.999322, 0, -0.0368184, 0, 1, 0, 0.0368184, 0, -0.999322, 499.896, 0, 1061.7)

[node name="streets" type="Node" parent="Levels"]

[node name="pobedi_2" parent="Levels/streets" instance=ExtResource("7_t74fg")]
transform = Transform3D(-0.953512, 0, 0.301355, 0, 1, 0, -0.301355, 0, -0.953512, 1026.37, 0, 817.73)
street_name = "ул Победы, 2"

[node name="package_box_receiver" parent="Levels/streets/pobedi_2" instance=ExtResource("13_5msbq")]
transform = Transform3D(0.999999, 0, 0, 0, 1, 0, 0, 0, 0.999999, -18.5083, 0.268274, 5.2251)
deliver_code = "00056"

[node name="package_letter_receiver" parent="Levels/streets/pobedi_2" instance=ExtResource("12_1elkd")]
transform = Transform3D(0.999999, 0, 2.98023e-08, 0, 1, 0, -2.98023e-08, 0, 0.999999, -21.4915, 1.05542, 5.05249)
deliver_code = "00056"

[node name="package_box_receiver2" parent="Levels/streets/pobedi_2" instance=ExtResource("13_5msbq")]
transform = Transform3D(0.999999, 0, 5.96046e-08, 0, 1, 0, -5.96046e-08, 0, 0.999999, 1.50122, 0.268274, 5.22961)
deliver_code = "00057"

[node name="package_letter_receiver2" parent="Levels/streets/pobedi_2" instance=ExtResource("12_1elkd")]
transform = Transform3D(0.999998, 0, 1.49012e-08, 0, 1, 0, -1.49012e-08, 0, 0.999998, -1.48212, 1.05542, 5.05676)
deliver_code = "00057"

[node name="package_box_receiver3" parent="Levels/streets/pobedi_2" instance=ExtResource("13_5msbq")]
transform = Transform3D(0.999998, 0, 1.49012e-08, 0, 1, 0, -1.49012e-08, 0, 0.999998, 21.5818, 0.268274, 5.22717)
deliver_code = "00058"

[node name="package_letter_receiver3" parent="Levels/streets/pobedi_2" instance=ExtResource("12_1elkd")]
transform = Transform3D(0.999997, 0, 1.49012e-08, 0, 1, 0, -1.49012e-08, 0, 0.999997, 18.5986, 1.05542, 5.05493)
deliver_code = "00058"

[node name="visotnaya_1" parent="Levels/streets" instance=ExtResource("7_t74fg")]
transform = Transform3D(-0.258819, 0, -0.965926, 0, 1, 0, 0.965926, 0, -0.258819, 973.47, 0, 863)
street_name = "ул Высотная, 1"

[node name="package_box_receiver" parent="Levels/streets/visotnaya_1" instance=ExtResource("13_5msbq")]
transform = Transform3D(0.999999, 0, 0, 0, 1, 0, 0, 0, 0.999999, -18.5083, 0.268274, 5.2251)
deliver_code = "00053"

[node name="package_letter_receiver" parent="Levels/streets/visotnaya_1" instance=ExtResource("12_1elkd")]
transform = Transform3D(0.999999, 0, 2.98023e-08, 0, 1, 0, -2.98023e-08, 0, 0.999999, -21.4915, 1.05542, 5.05249)
deliver_code = "00053"

[node name="package_box_receiver2" parent="Levels/streets/visotnaya_1" instance=ExtResource("13_5msbq")]
transform = Transform3D(0.999999, 0, 5.96046e-08, 0, 1, 0, -5.96046e-08, 0, 0.999999, 1.50122, 0.268274, 5.22961)
deliver_code = "00054"

[node name="package_letter_receiver2" parent="Levels/streets/visotnaya_1" instance=ExtResource("12_1elkd")]
transform = Transform3D(0.999998, 0, 1.49012e-08, 0, 1, 0, -1.49012e-08, 0, 0.999998, -1.48212, 1.05542, 5.05676)
deliver_code = "00054"

[node name="package_box_receiver3" parent="Levels/streets/visotnaya_1" instance=ExtResource("13_5msbq")]
transform = Transform3D(0.999998, 0, 1.49012e-08, 0, 1, 0, -1.49012e-08, 0, 0.999998, 21.5818, 0.268274, 5.22717)
deliver_code = "00055"

[node name="package_letter_receiver3" parent="Levels/streets/visotnaya_1" instance=ExtResource("12_1elkd")]
transform = Transform3D(0.999997, 0, 1.49012e-08, 0, 1, 0, -1.49012e-08, 0, 0.999997, 18.5986, 1.05542, 5.05493)
deliver_code = "00055"

[node name="visotnaya_2" parent="Levels/streets" instance=ExtResource("7_t74fg")]
transform = Transform3D(-0.258819, 0, -0.965926, 0, 1, 0, 0.965926, 0, -0.258819, 1000, 0, 926)
street_name = "ул Высотная, 2"

[node name="package_box_receiver" parent="Levels/streets/visotnaya_2" instance=ExtResource("13_5msbq")]
transform = Transform3D(0.999999, 0, 0, 0, 1, 0, 0, 0, 0.999999, -18.5083, 0.268274, 5.2251)
deliver_code = "00059"

[node name="package_letter_receiver" parent="Levels/streets/visotnaya_2" instance=ExtResource("12_1elkd")]
transform = Transform3D(0.999999, 0, 2.98023e-08, 0, 1, 0, -2.98023e-08, 0, 0.999999, -21.4915, 1.05542, 5.05249)
deliver_code = "00059"

[node name="package_box_receiver2" parent="Levels/streets/visotnaya_2" instance=ExtResource("13_5msbq")]
transform = Transform3D(0.999999, 0, 5.96046e-08, 0, 1, 0, -5.96046e-08, 0, 0.999999, 1.50122, 0.268274, 5.22961)
deliver_code = "00060"

[node name="package_letter_receiver2" parent="Levels/streets/visotnaya_2" instance=ExtResource("12_1elkd")]
transform = Transform3D(0.999998, 0, 1.49012e-08, 0, 1, 0, -1.49012e-08, 0, 0.999998, -1.48212, 1.05542, 5.05676)
deliver_code = "00060"

[node name="package_box_receiver3" parent="Levels/streets/visotnaya_2" instance=ExtResource("13_5msbq")]
transform = Transform3D(0.999998, 0, 1.49012e-08, 0, 1, 0, -1.49012e-08, 0, 0.999998, 21.5818, 0.268274, 5.22717)
deliver_code = "00061"

[node name="package_letter_receiver3" parent="Levels/streets/visotnaya_2" instance=ExtResource("12_1elkd")]
transform = Transform3D(0.999997, 0, 1.49012e-08, 0, 1, 0, -1.49012e-08, 0, 0.999997, 18.5986, 1.05542, 5.05493)
deliver_code = "00061"

[node name="podgorniy_pereulok_1" parent="Levels/streets" instance=ExtResource("11_cxx1a")]
transform = Transform3D(1, 0, -4.47035e-08, 0, 1, 0, 4.47035e-08, 0, 1, 1564.89, 0, 1252)
street_name = "пер. Подгорный, 1"

[node name="package_box_receiver" parent="Levels/streets/podgorniy_pereulok_1" instance=ExtResource("13_5msbq")]
transform = Transform3D(-7.45058e-08, 0, -1, 0, 1, 0, 1, 0, -7.45058e-08, -5.30151, 0.275626, 2.49475)
deliver_code = "00125"

[node name="package_letter_receiver" parent="Levels/streets/podgorniy_pereulok_1" instance=ExtResource("12_1elkd")]
transform = Transform3D(-7.45058e-08, 0, -1, 0, 1, 0, 1, 0, -7.45058e-08, -5.17261, 2.79797, 1.38417)
deliver_code = "00125"

[node name="podgorniy_pereulok_2" parent="Levels/streets" instance=ExtResource("11_cxx1a")]
transform = Transform3D(-1, 0, 1.3411e-07, 0, 1, 0, -1.3411e-07, 0, -1, 1520, 0, 1299)
street_name = "пер. Подгорный, 2"

[node name="package_box_receiver" parent="Levels/streets/podgorniy_pereulok_2" instance=ExtResource("13_5msbq")]
transform = Transform3D(-7.45058e-08, 0, -1, 0, 1, 0, 1, 0, -7.45058e-08, -5.30151, 0.275626, 2.49475)
deliver_code = "00126"

[node name="package_letter_receiver" parent="Levels/streets/podgorniy_pereulok_2" instance=ExtResource("12_1elkd")]
